# Blender 5.1.0
# www.blender.org
mtllib kinger_RightEye.mtl
o Sphere.002
v 0.000000 0.799761 0.000001
v 0.000000 0.831470 -0.555570
v 0.000000 0.555570 -0.831470
v 0.000000 0.195090 -0.980785
v 0.000000 0.000000 -1.000000
v 0.000000 -0.195090 -0.980785
v 0.000000 -0.555570 -0.831470
v 0.000000 -1.000000 0.000000
v 0.001614 0.800288 -0.008472
v 0.079827 0.923880 -0.372209
v 0.108386 0.831470 -0.544895
v 0.137950 0.707107 -0.693520
v 0.162212 0.555570 -0.815493
v 0.180240 0.382683 -0.906127
v 0.191342 0.195090 -0.961940
v 0.195090 0.000000 -0.980785
v 0.191342 -0.195090 -0.961940
v 0.180240 -0.382683 -0.906127
v 0.162212 -0.555570 -0.815493
v 0.137950 -0.707107 -0.693520
v 0.108386 -0.831470 -0.544895
v 0.074658 -0.923880 -0.375330
v 0.038060 -0.980785 -0.191342
v 0.003165 0.800288 -0.007981
v 0.151616 0.923880 -0.350432
v 0.212608 0.831470 -0.513280
v 0.270598 0.707107 -0.653281
v 0.318190 0.555570 -0.768178
v 0.353553 0.382683 -0.853553
v 0.375330 0.195090 -0.906127
v 0.382683 0.000000 -0.923879
v 0.375330 -0.195090 -0.906127
v 0.353553 -0.382683 -0.853553
v 0.318190 -0.555570 -0.768178
v 0.270598 -0.707107 -0.653281
v 0.212608 -0.831470 -0.513280
v 0.146447 -0.923880 -0.353553
v 0.074658 -0.980785 -0.180240
v 0.004595 0.800288 -0.007182
v 0.217777 0.923880 -0.315068
v 0.308658 0.831470 -0.461940
v 0.392847 0.707107 -0.587938
v 0.461940 0.555570 -0.691342
v 0.513280 0.382683 -0.768178
v 0.544895 0.195090 -0.815493
v 0.555570 0.000000 -0.831469
v 0.544895 -0.195090 -0.815493
v 0.513280 -0.382683 -0.768178
v 0.461940 -0.555570 -0.691342
v 0.392847 -0.707107 -0.587938
v 0.308658 -0.831470 -0.461940
v 0.212608 -0.923880 -0.318190
v 0.108386 -0.980785 -0.162212
v 0.005849 0.800288 -0.006108
v 0.275767 0.923880 -0.267477
v 0.392847 0.831470 -0.392847
v 0.500000 0.707107 -0.500000
v 0.587938 0.555570 -0.587938
v 0.653281 0.382683 -0.653281
v 0.693520 0.195090 -0.693520
v 0.707107 0.000000 -0.707107
v 0.693520 -0.195090 -0.693520
v 0.653281 -0.382683 -0.653281
v 0.587938 -0.555570 -0.587938
v 0.500000 -0.707107 -0.500000
v 0.392847 -0.831470 -0.392847
v 0.270598 -0.923880 -0.270598
v 0.137950 -0.980785 -0.137950
v 0.006877 0.800288 -0.004799
v 0.323359 0.923880 -0.209486
v 0.461940 0.831470 -0.308658
v 0.587938 0.707107 -0.392847
v 0.691342 0.555570 -0.461940
v 0.768178 0.382683 -0.513280
v 0.815493 0.195090 -0.544895
v 0.831470 0.000000 -0.555570
v 0.815493 -0.195090 -0.544895
v 0.768178 -0.382683 -0.513280
v 0.691342 -0.555570 -0.461940
v 0.587938 -0.707107 -0.392847
v 0.461940 -0.831470 -0.308658
v 0.318190 -0.923880 -0.212608
v 0.162212 -0.980785 -0.108386
v 0.007641 0.800288 -0.003305
v 0.358722 0.923880 -0.143325
v 0.513280 0.831470 -0.212607
v 0.653281 0.707107 -0.270598
v 0.768178 0.555570 -0.318190
v 0.853553 0.382683 -0.353553
v 0.906127 0.195090 -0.375330
v 0.923879 0.000000 -0.382683
v 0.906127 -0.195090 -0.375330
v 0.853553 -0.382683 -0.353553
v 0.768178 -0.555570 -0.318190
v 0.653281 -0.707107 -0.270598
v 0.513280 -0.831470 -0.212607
v 0.353553 -0.923880 -0.146447
v 0.180240 -0.980785 -0.074658
v 0.008112 0.800288 -0.001685
v 0.380499 0.923880 -0.071536
v 0.544895 0.831470 -0.108386
v 0.693520 0.707107 -0.137950
v 0.815493 0.555570 -0.162212
v 0.906127 0.382683 -0.180240
v 0.961940 0.195090 -0.191342
v 0.980785 0.000000 -0.195090
v 0.961940 -0.195090 -0.191342
v 0.906127 -0.382683 -0.180240
v 0.815493 -0.555570 -0.162212
v 0.693520 -0.707107 -0.137950
v 0.544895 -0.831470 -0.108386
v 0.375330 -0.923880 -0.074658
v 0.191342 -0.980785 -0.038060
v 0.008271 0.800288 0.000001
v 0.387852 0.923880 0.003121
v 0.555570 0.831470 0.000000
v 0.707107 0.707107 -0.000000
v 0.831469 0.555570 0.000000
v 0.923879 0.382683 -0.000000
v 0.980785 0.195090 0.000000
v 1.000000 0.000000 0.000000
v 0.980785 -0.195090 0.000000
v 0.923879 -0.382683 -0.000000
v 0.831469 -0.555570 0.000000
v 0.707107 -0.707107 -0.000000
v 0.555570 -0.831470 0.000000
v 0.382683 -0.923880 0.000000
v 0.195090 -0.980785 0.000000
v 0.008112 0.800288 0.001686
v 0.380499 0.923880 0.077779
v 0.544895 0.831470 0.108386
v 0.693520 0.707107 0.137950
v 0.815493 0.555570 0.162212
v 0.906127 0.382683 0.180240
v 0.961940 0.195090 0.191342
v 0.980785 0.000000 0.195090
v 0.961940 -0.195090 0.191342
v 0.906127 -0.382683 0.180240
v 0.815493 -0.555570 0.162212
v 0.693520 -0.707107 0.137950
v 0.544895 -0.831470 0.108386
v 0.375330 -0.923880 0.074658
v 0.191342 -0.980785 0.038060
v 0.007641 0.800288 0.003307
v 0.358722 0.923880 0.149568
v 0.513280 0.831470 0.212608
v 0.653281 0.707107 0.270598
v 0.768178 0.555570 0.318190
v 0.853553 0.382683 0.353553
v 0.906127 0.195090 0.375330
v 0.923879 0.000000 0.382683
v 0.906127 -0.195090 0.375330
v 0.853553 -0.382683 0.353553
v 0.768178 -0.555570 0.318190
v 0.653281 -0.707107 0.270598
v 0.513280 -0.831470 0.212608
v 0.353553 -0.923880 0.146447
v 0.180240 -0.980785 0.074658
v 0.006877 0.800288 0.004800
v 0.323359 0.923880 0.215729
v 0.461940 0.831470 0.308658
v 0.587938 0.707107 0.392847
v 0.691341 0.555570 0.461940
v 0.768178 0.382683 0.513280
v 0.815493 0.195090 0.544895
v 0.831469 0.000000 0.555570
v 0.815493 -0.195090 0.544895
v 0.768178 -0.382683 0.513280
v 0.691341 -0.555570 0.461940
v 0.587938 -0.707107 0.392847
v 0.461940 -0.831470 0.308658
v 0.318190 -0.923880 0.212608
v 0.162212 -0.980785 0.108386
v 0.005849 0.800288 0.006109
v 0.275767 0.923880 0.273719
v 0.392847 0.831470 0.392847
v 0.500000 0.707107 0.500000
v 0.587938 0.555570 0.587938
v 0.653281 0.382683 0.653281
v 0.693520 0.195090 0.693520
v 0.707106 0.000000 0.707107
v 0.693520 -0.195090 0.693520
v 0.653281 -0.382683 0.653281
v 0.587938 -0.555570 0.587938
v 0.500000 -0.707107 0.500000
v 0.392847 -0.831470 0.392847
v 0.270598 -0.923880 0.270598
v 0.137950 -0.980785 0.137950
v 0.004595 0.800288 0.007183
v 0.217777 0.923880 0.321311
v 0.308658 0.831470 0.461940
v 0.392847 0.707107 0.587938
v 0.461940 0.555570 0.691342
v 0.513280 0.382683 0.768178
v 0.544895 0.195090 0.815493
v 0.555570 0.000000 0.831469
v 0.544895 -0.195090 0.815493
v 0.513280 -0.382683 0.768178
v 0.461940 -0.555570 0.691342
v 0.392847 -0.707107 0.587938
v 0.308658 -0.831470 0.461940
v 0.212607 -0.923880 0.318190
v 0.108386 -0.980785 0.162212
v 0.003165 0.800288 0.007982
v 0.151616 0.923880 0.356675
v 0.212607 0.831470 0.513280
v 0.270598 0.707107 0.653281
v 0.318189 0.555570 0.768178
v 0.353553 0.382683 0.853553
v 0.375330 0.195090 0.906127
v 0.382683 0.000000 0.923879
v 0.375330 -0.195090 0.906127
v 0.353553 -0.382683 0.853553
v 0.318189 -0.555570 0.768178
v 0.270598 -0.707107 0.653281
v 0.212607 -0.831470 0.513280
v 0.146447 -0.923880 0.353553
v 0.074658 -0.980785 0.180240
v 0.001614 0.800288 0.008473
v 0.079827 0.923880 0.378452
v 0.108386 0.831470 0.544895
v 0.137950 0.707107 0.693520
v 0.162212 0.555570 0.815493
v 0.180240 0.382683 0.906127
v 0.191342 0.195090 0.961939
v 0.195090 0.000000 0.980785
v 0.191342 -0.195090 0.961939
v 0.180240 -0.382683 0.906127
v 0.162212 -0.555570 0.815493
v 0.137950 -0.707107 0.693520
v 0.108386 -0.831470 0.544895
v 0.074658 -0.923880 0.375330
v 0.038060 -0.980785 0.191342
v 0.000000 0.800288 0.008639
v 0.005169 0.923880 0.385805
v -0.000000 0.831470 0.555570
v -0.000000 0.707107 0.707107
v -0.000000 0.555570 0.831469
v 0.000000 0.382683 0.923879
v -0.000000 0.195090 0.980785
v -0.000000 0.000000 0.999999
v -0.000000 -0.195090 0.980785
v 0.000000 -0.382683 0.923879
v -0.000000 -0.555570 0.831469
v -0.000000 -0.707107 0.707107
v -0.000000 -0.831470 0.555570
v -0.000000 -0.923880 0.382683
v -0.000000 -0.980785 0.195090
v -0.001614 0.800288 0.008473
v -0.069489 0.923880 0.378452
v -0.108386 0.831470 0.544895
v -0.137950 0.707107 0.693520
v -0.162212 0.555570 0.815493
v -0.180240 0.382683 0.906127
v -0.191342 0.195090 0.961939
v -0.195091 0.000000 0.980785
v -0.191342 -0.195090 0.961939
v -0.180240 -0.382683 0.906127
v -0.162212 -0.555570 0.815493
v -0.137950 -0.707107 0.693520
v -0.108386 -0.831470 0.544895
v -0.074658 -0.923880 0.375330
v -0.038060 -0.980785 0.191342
v -0.003165 0.800288 0.007982
v -0.141278 0.923880 0.356675
v -0.212608 0.831470 0.513280
v -0.270598 0.707107 0.653281
v -0.318190 0.555570 0.768177
v -0.353553 0.382683 0.853553
v -0.375330 0.195090 0.906127
v -0.382683 0.000000 0.923879
v -0.375330 -0.195090 0.906127
v -0.353553 -0.382683 0.853553
v -0.318190 -0.555570 0.768177
v -0.270598 -0.707107 0.653281
v -0.212608 -0.831470 0.513280
v -0.146447 -0.923880 0.353553
v -0.074658 -0.980785 0.180240
v -0.004595 0.800288 0.007183
v -0.207438 0.923880 0.321311
v -0.308658 0.831470 0.461939
v -0.392847 0.707107 0.587938
v -0.461940 0.555570 0.691341
v -0.513280 0.382683 0.768178
v -0.544895 0.195090 0.815493
v -0.555570 0.000000 0.831469
v -0.544895 -0.195090 0.815493
v -0.513280 -0.382683 0.768178
v -0.461940 -0.555570 0.691341
v -0.392847 -0.707107 0.587938
v -0.308658 -0.831470 0.461939
v -0.212608 -0.923880 0.318190
v -0.108386 -0.980785 0.162212
v -0.005848 0.800288 0.006109
v -0.265429 0.923880 0.273719
v -0.392847 0.831470 0.392847
v -0.500000 0.707107 0.500000
v -0.587938 0.555570 0.587937
v -0.653281 0.382683 0.653281
v -0.693520 0.195090 0.693520
v -0.707106 0.000000 0.707106
v -0.693520 -0.195090 0.693520
v -0.653281 -0.382683 0.653281
v -0.587938 -0.555570 0.587937
v -0.500000 -0.707107 0.500000
v -0.392847 -0.831470 0.392847
v -0.270598 -0.923880 0.270598
v -0.137950 -0.980785 0.137950
v -0.006877 0.800288 0.004800
v -0.313020 0.923880 0.215729
v -0.461940 0.831470 0.308658
v -0.587938 0.707107 0.392847
v -0.691341 0.555570 0.461939
v -0.768177 0.382683 0.513280
v -0.815493 0.195090 0.544895
v -0.831469 0.000000 0.555569
v -0.815493 -0.195090 0.544895
v -0.768177 -0.382683 0.513280
v -0.691341 -0.555570 0.461939
v -0.587938 -0.707107 0.392847
v -0.461940 -0.831470 0.308658
v -0.318190 -0.923880 0.212607
v -0.162212 -0.980785 0.108386
v -0.007641 0.800288 0.003307
v -0.348384 0.923880 0.149568
v -0.513280 0.831470 0.212607
v -0.653281 0.707107 0.270598
v -0.768177 0.555570 0.318189
v -0.853553 0.382683 0.353553
v -0.906127 0.195090 0.375330
v -0.923879 0.000000 0.382683
v -0.906127 -0.195090 0.375330
v -0.853553 -0.382683 0.353553
v -0.768177 -0.555570 0.318189
v -0.653281 -0.707107 0.270598
v -0.513280 -0.831470 0.212607
v -0.353553 -0.923880 0.146447
v -0.180240 -0.980785 0.074658
v -0.008112 0.800288 0.001686
v -0.370161 0.923880 0.077779
v -0.544895 0.831470 0.108386
v -0.693520 0.707107 0.137950
v -0.815493 0.555570 0.162211
v -0.906127 0.382683 0.180240
v -0.961939 0.195090 0.191341
v -0.980784 0.000000 0.195090
v -0.961939 -0.195090 0.191341
v -0.906127 -0.382683 0.180240
v -0.815493 -0.555570 0.162211
v -0.693520 -0.707107 0.137950
v -0.544895 -0.831470 0.108386
v -0.375330 -0.923880 0.074658
v -0.191342 -0.980785 0.038060
v -0.008271 0.800288 0.000001
v -0.377514 0.923880 0.003121
v -0.555570 0.831470 -0.000000
v -0.707107 0.707107 -0.000000
v -0.831469 0.555570 -0.000000
v -0.923879 0.382683 -0.000000
v -0.980785 0.195090 -0.000000
v -0.999999 0.000000 -0.000000
v -0.980785 -0.195090 -0.000000
v -0.923879 -0.382683 -0.000000
v -0.831469 -0.555570 -0.000000
v -0.707107 -0.707107 -0.000000
v -0.555570 -0.831470 -0.000000
v -0.382683 -0.923880 -0.000000
v -0.195090 -0.980785 -0.000000
v -0.008112 0.800288 -0.001685
v -0.370161 0.923880 -0.071536
v -0.544895 0.831470 -0.108386
v -0.693520 0.707107 -0.137950
v -0.815493 0.555570 -0.162212
v -0.906127 0.382683 -0.180240
v -0.961939 0.195090 -0.191342
v -0.980784 0.000000 -0.195091
v -0.961939 -0.195090 -0.191342
v -0.906127 -0.382683 -0.180240
v -0.815493 -0.555570 -0.162212
v -0.693520 -0.707107 -0.137950
v -0.544895 -0.831470 -0.108386
v -0.375330 -0.923880 -0.074658
v -0.191342 -0.980785 -0.038060
v -0.007641 0.800288 -0.003305
v -0.348384 0.923880 -0.143325
v -0.513279 0.831470 -0.212607
v -0.653281 0.707107 -0.270598
v -0.768177 0.555570 -0.318190
v -0.853553 0.382683 -0.353553
v -0.906127 0.195090 -0.375330
v -0.923878 0.000000 -0.382683
v -0.906127 -0.195090 -0.375330
v -0.853553 -0.382683 -0.353553
v -0.768177 -0.555570 -0.318190
v -0.653281 -0.707107 -0.270598
v -0.513279 -0.831470 -0.212607
v -0.353553 -0.923880 -0.146447
v -0.180240 -0.980785 -0.074658
v -0.006877 0.800288 -0.004799
v -0.313020 0.923880 -0.209486
v -0.461939 0.831470 -0.308658
v -0.587938 0.707107 -0.392847
v -0.691341 0.555570 -0.461940
v -0.768177 0.382683 -0.513280
v -0.815493 0.195090 -0.544895
v -0.831468 0.000000 -0.555570
v -0.815493 -0.195090 -0.544895
v -0.768177 -0.382683 -0.513280
v -0.691341 -0.555570 -0.461940
v -0.587938 -0.707107 -0.392847
v -0.461939 -0.831470 -0.308658
v -0.318189 -0.923880 -0.212607
v -0.162212 -0.980785 -0.108386
v -0.005848 0.800288 -0.006108
v -0.265429 0.923880 -0.267477
v -0.392847 0.831470 -0.392847
v -0.500000 0.707107 -0.500000
v -0.587937 0.555570 -0.587938
v -0.653281 0.382683 -0.653281
v -0.693519 0.195090 -0.693520
v -0.707106 0.000000 -0.707106
v -0.693519 -0.195090 -0.693520
v -0.653281 -0.382683 -0.653281
v -0.587937 -0.555570 -0.587938
v -0.500000 -0.707107 -0.500000
v -0.392847 -0.831470 -0.392847
v -0.270598 -0.923880 -0.270598
v -0.137950 -0.980785 -0.137950
v -0.004595 0.800288 -0.007182
v -0.207438 0.923880 -0.315068
v -0.308658 0.831470 -0.461939
v -0.392847 0.707107 -0.587938
v -0.461939 0.555570 -0.691341
v -0.513280 0.382683 -0.768177
v -0.544895 0.195090 -0.815493
v -0.555569 0.000000 -0.831469
v -0.544895 -0.195090 -0.815493
v -0.513280 -0.382683 -0.768177
v -0.461939 -0.555570 -0.691341
v -0.392847 -0.707107 -0.587938
v -0.308658 -0.831470 -0.461939
v -0.212607 -0.923880 -0.318190
v -0.108386 -0.980785 -0.162212
v -0.003165 0.800288 -0.007981
v -0.141277 0.923880 -0.350432
v -0.212607 0.831470 -0.513279
v -0.270598 0.707107 -0.653281
v -0.318189 0.555570 -0.768177
v -0.353553 0.382683 -0.853553
v -0.375330 0.195090 -0.906127
v -0.382683 0.000000 -0.923879
v -0.375330 -0.195090 -0.906127
v -0.353553 -0.382683 -0.853553
v -0.318189 -0.555570 -0.768177
v -0.270598 -0.707107 -0.653281
v -0.212607 -0.831470 -0.513279
v -0.146446 -0.923880 -0.353553
v -0.074658 -0.980785 -0.180240
v -0.001614 0.800288 -0.008472
v -0.069489 0.923880 -0.372209
v -0.108386 0.831470 -0.544895
v -0.137950 0.707107 -0.693520
v -0.162211 0.555570 -0.815493
v -0.180240 0.382683 -0.906127
v -0.191341 0.195090 -0.961939
v -0.195090 0.000000 -0.980784
v -0.191341 -0.195090 -0.961939
v -0.180240 -0.382683 -0.906127
v -0.162211 -0.555570 -0.815493
v -0.137950 -0.707107 -0.693520
v -0.108386 -0.831470 -0.544895
v -0.074658 -0.923880 -0.375330
v -0.038060 -0.980785 -0.191342
v 0.000000 0.800288 -0.008638
v 0.005169 0.923880 -0.379562
v 0.000000 0.707107 -0.707107
v 0.000000 0.382683 -0.923879
v 0.000000 -0.382683 -0.923879
v 0.000000 -0.707107 -0.707107
v 0.000000 -0.831470 -0.555570
v 0.000000 -0.923880 -0.382683
v 0.000000 -0.980785 -0.195090
v 0.074658 0.860501 -0.176859
v 0.038060 0.860501 -0.187960
v 0.108386 0.860501 -0.158830
v 0.137950 0.860501 -0.134568
v 0.162212 0.860501 -0.105005
v 0.180240 0.860501 -0.071276
v 0.191342 0.860501 -0.034679
v 0.195090 0.860501 0.003381
v 0.191342 0.860501 0.041442
v 0.180240 0.860501 0.078039
v 0.162212 0.860501 0.111768
v 0.137950 0.860501 0.141331
v 0.108386 0.860501 0.165593
v 0.074658 0.860501 0.183621
v 0.038060 0.860501 0.194723
v -0.000000 0.860501 0.198471
v -0.038060 0.860501 0.194723
v -0.074658 0.860501 0.183621
v -0.108386 0.860501 0.165593
v -0.137950 0.860501 0.141331
v -0.162212 0.860501 0.111768
v -0.180240 0.860501 0.078039
v -0.191342 0.860501 0.041442
v -0.195090 0.860501 0.003381
v -0.191342 0.860501 -0.034679
v -0.180240 0.860501 -0.071276
v -0.162211 0.860501 -0.105005
v -0.137950 0.860501 -0.134568
v -0.108386 0.860501 -0.158830
v -0.074658 0.860501 -0.176858
v -0.038060 0.860501 -0.187960
v 0.000000 0.860501 -0.191709
v 0.070589 0.921478 -0.354876
v 0.138466 0.921478 -0.334286
v 0.201021 0.921478 -0.300849
v 0.255851 0.921478 -0.255851
v 0.300849 0.921478 -0.201021
v 0.334286 0.921478 -0.138466
v 0.354876 0.921478 -0.070589
v 0.361828 0.921478 -0.000000
v 0.354876 0.921478 0.070589
v 0.334286 0.921478 0.138466
v 0.300849 0.921478 0.201021
v 0.255851 0.921478 0.255851
v 0.201021 0.921478 0.300849
v 0.138466 0.921478 0.334286
v 0.070589 0.921478 0.354876
v -0.000000 0.921478 0.361828
v -0.070589 0.921478 0.354876
v -0.138466 0.921478 0.334286
v -0.201021 0.921478 0.300849
v -0.255851 0.921478 0.255851
v -0.300849 0.921478 0.201021
v -0.334286 0.921478 0.138465
v -0.354876 0.921478 0.070589
v -0.361828 0.921478 -0.000000
v -0.354876 0.921478 -0.070589
v -0.334286 0.921478 -0.138466
v -0.300849 0.921478 -0.201021
v -0.255851 0.921478 -0.255851
v -0.201021 0.921478 -0.300849
v -0.138466 0.921478 -0.334286
v -0.070589 0.921478 -0.354876
v 0.000000 0.921478 -0.361828
vn -0.0000 1.0000 -0.0000
vn -0.0003 0.8306 -0.5569
vn -0.0000 0.5528 -0.8333
vn -0.0000 0.1939 -0.9810
vn -0.0000 -0.0000 -1.0000
vn -0.0000 -0.1939 -0.9810
vn -0.0000 -0.5528 -0.8333
vn -0.0000 -1.0000 -0.0000
vn -0.0397 0.9806 0.1919
vn 0.0379 0.9804 -0.1933
vn 0.1085 0.8299 -0.5472
vn 0.1385 0.7041 -0.6965
vn 0.1626 0.5528 -0.8173
vn 0.1804 0.3805 -0.9070
vn 0.1914 0.1939 -0.9622
vn 0.1951 -0.0000 -0.9808
vn 0.1914 -0.1939 -0.9622
vn 0.1804 -0.3805 -0.9070
vn 0.1626 -0.5528 -0.8173
vn 0.1385 -0.7041 -0.6965
vn 0.1092 -0.8286 -0.5490
vn 0.0757 -0.9217 -0.3804
vn 0.0392 -0.9796 -0.1971
vn -0.0778 0.9806 0.1799
vn 0.0768 0.9795 -0.1865
vn 0.2135 0.8292 -0.5165
vn 0.2718 0.7041 -0.6561
vn 0.3189 0.5528 -0.7699
vn 0.3539 0.3805 -0.8544
vn 0.3754 0.1939 -0.9063
vn 0.3827 -0.0000 -0.9239
vn 0.3754 -0.1939 -0.9063
vn 0.3539 -0.3805 -0.8544
vn 0.3189 -0.5528 -0.7699
vn 0.2718 -0.7041 -0.6561
vn 0.2142 -0.8286 -0.5172
vn 0.1484 -0.9217 -0.3584
vn 0.0769 -0.9796 -0.1857
vn -0.1120 0.9806 0.1609
vn 0.1142 0.9785 -0.1716
vn 0.3108 0.8285 -0.4659
vn 0.3945 0.7041 -0.5905
vn 0.4630 0.5528 -0.6929
vn 0.5138 0.3805 -0.7689
vn 0.5450 0.1939 -0.8157
vn 0.5556 -0.0000 -0.8315
vn 0.5450 -0.1939 -0.8157
vn 0.5138 -0.3805 -0.7689
vn 0.4630 -0.5528 -0.6929
vn 0.3945 -0.7041 -0.5905
vn 0.3110 -0.8286 -0.4654
vn 0.2155 -0.9217 -0.3225
vn 0.1117 -0.9796 -0.1671
vn -0.1412 0.9806 0.1356
vn 0.1485 0.9776 -0.1488
vn 0.3965 0.8277 -0.3971
vn 0.5021 0.7041 -0.5021
vn 0.5893 0.5528 -0.5893
vn 0.6539 0.3805 -0.6539
vn 0.6937 0.1939 -0.6937
vn 0.7071 -0.0000 -0.7071
vn 0.6937 -0.1939 -0.6937
vn 0.6539 -0.3805 -0.6539
vn 0.5893 -0.5528 -0.5893
vn 0.5021 -0.7041 -0.5021
vn 0.3958 -0.8286 -0.3958
vn 0.2743 -0.9217 -0.2743
vn 0.1421 -0.9796 -0.1421
vn -0.1644 0.9807 0.1056
vn 0.1778 0.9768 -0.1190
vn 0.4673 0.8270 -0.3127
vn 0.5905 0.7041 -0.3945
vn 0.6929 0.5528 -0.4630
vn 0.7689 0.3805 -0.5138
vn 0.8157 0.1939 -0.5450
vn 0.8315 -0.0000 -0.5556
vn 0.8157 -0.1939 -0.5450
vn 0.7689 -0.3805 -0.5138
vn 0.6929 -0.5528 -0.4630
vn 0.5905 -0.7041 -0.3945
vn 0.4654 -0.8286 -0.3110
vn 0.3225 -0.9217 -0.2155
vn 0.1671 -0.9796 -0.1117
vn -0.1811 0.9808 0.0722
vn 0.2006 0.9761 -0.0832
vn 0.5202 0.8263 -0.2158
vn 0.6561 0.7041 -0.2718
vn 0.7699 0.5528 -0.3189
vn 0.8544 0.3805 -0.3539
vn 0.9063 0.1939 -0.3754
vn 0.9239 -0.0000 -0.3827
vn 0.9063 -0.1939 -0.3754
vn 0.8544 -0.3805 -0.3539
vn 0.7699 -0.5528 -0.3189
vn 0.6561 -0.7041 -0.2718
vn 0.5172 -0.8286 -0.2142
vn 0.3584 -0.9217 -0.1484
vn 0.1857 -0.9796 -0.0769
vn -0.1909 0.9809 0.0367
vn 0.2155 0.9756 -0.0429
vn 0.5532 0.8257 -0.1103
vn 0.6965 0.7041 -0.1385
vn 0.8173 0.5528 -0.1626
vn 0.9070 0.3805 -0.1804
vn 0.9622 0.1939 -0.1914
vn 0.9808 -0.0000 -0.1951
vn 0.9622 -0.1939 -0.1914
vn 0.9070 -0.3805 -0.1804
vn 0.8173 -0.5528 -0.1626
vn 0.6965 -0.7041 -0.1385
vn 0.5490 -0.8286 -0.1092
vn 0.3804 -0.9217 -0.0757
vn 0.1971 -0.9796 -0.0392
vn -0.1938 0.9810 0.0002
vn 0.2218 0.9751 -0.0000
vn 0.5647 0.8253 -0.0002
vn 0.7101 0.7041 -0.0000
vn 0.8333 0.5528 -0.0000
vn 0.9248 0.3805 -0.0000
vn 0.9810 0.1939 -0.0000
vn 1.0000 -0.0000 -0.0000
vn 0.9810 -0.1939 -0.0000
vn 0.9248 -0.3805 -0.0000
vn 0.8333 -0.5528 -0.0000
vn 0.7101 -0.7041 -0.0000
vn 0.5598 -0.8286 -0.0000
vn 0.3879 -0.9217 -0.0000
vn 0.2010 -0.9796 -0.0000
vn -0.1898 0.9812 -0.0360
vn 0.2190 0.9748 0.0436
vn 0.5544 0.8249 0.1101
vn 0.6965 0.7041 0.1385
vn 0.8173 0.5528 0.1626
vn 0.9070 0.3805 0.1804
vn 0.9622 0.1939 0.1914
vn 0.9808 -0.0000 0.1951
vn 0.9622 -0.1939 0.1914
vn 0.9070 -0.3805 0.1804
vn 0.8173 -0.5528 0.1626
vn 0.6965 -0.7041 0.1385
vn 0.5490 -0.8286 0.1092
vn 0.3804 -0.9217 0.0757
vn 0.1971 -0.9796 0.0392
vn -0.1790 0.9813 -0.0709
vn 0.2070 0.9746 0.0857
vn 0.5225 0.8247 0.2164
vn 0.6561 0.7041 0.2718
vn 0.7699 0.5528 0.3189
vn 0.8544 0.3805 0.3539
vn 0.9063 0.1939 0.3754
vn 0.9239 -0.0000 0.3827
vn 0.9063 -0.1939 0.3754
vn 0.8544 -0.3805 0.3539
vn 0.7699 -0.5528 0.3189
vn 0.6561 -0.7041 0.2718
vn 0.5172 -0.8286 0.2142
vn 0.3584 -0.9217 0.1484
vn 0.1857 -0.9796 0.0769
vn -0.1617 0.9814 -0.1034
vn 0.1864 0.9745 0.1246
vn 0.4703 0.8247 0.3142
vn 0.5905 0.7041 0.3945
vn 0.6929 0.5528 0.4630
vn 0.7689 0.3805 0.5138
vn 0.8157 0.1939 0.5450
vn 0.8315 -0.0000 0.5556
vn 0.8157 -0.1939 0.5450
vn 0.7689 -0.3805 0.5138
vn 0.6929 -0.5528 0.4630
vn 0.5905 -0.7041 0.3945
vn 0.4654 -0.8286 0.3110
vn 0.3225 -0.9217 0.2155
vn 0.1671 -0.9796 0.1117
vn -0.1383 0.9815 -0.1324
vn 0.1582 0.9746 0.1582
vn 0.3998 0.8248 0.3999
vn 0.5021 0.7041 0.5021
vn 0.5893 0.5528 0.5893
vn 0.6539 0.3805 0.6539
vn 0.6937 0.1939 0.6937
vn 0.7071 -0.0000 0.7071
vn 0.6937 -0.1939 0.6937
vn 0.6539 -0.3805 0.6539
vn 0.5893 -0.5528 0.5893
vn 0.5021 -0.7041 0.5021
vn 0.3958 -0.8286 0.3958
vn 0.2743 -0.9217 0.2743
vn 0.1421 -0.9796 0.1421
vn -0.1092 0.9816 -0.1567
vn 0.1237 0.9749 0.1851
vn 0.3138 0.8251 0.4699
vn 0.3945 0.7041 0.5905
vn 0.4630 0.5528 0.6929
vn 0.5138 0.3805 0.7689
vn 0.5450 0.1939 0.8157
vn 0.5556 -0.0000 0.8315
vn 0.5450 -0.1939 0.8157
vn 0.5138 -0.3805 0.7689
vn 0.4630 -0.5528 0.6929
vn 0.3945 -0.7041 0.5905
vn 0.3110 -0.8286 0.4654
vn 0.2155 -0.9217 0.3225
vn 0.1117 -0.9796 0.1671
vn -0.0756 0.9816 -0.1751
vn 0.0845 0.9753 0.2041
vn 0.2158 0.8255 0.5216
vn 0.2718 0.7041 0.6561
vn 0.3189 0.5528 0.7699
vn 0.3539 0.3805 0.8544
vn 0.3754 0.1939 0.9063
vn 0.3827 -0.0000 0.9239
vn 0.3754 -0.1939 0.9063
vn 0.3539 -0.3805 0.8544
vn 0.3189 -0.5528 0.7699
vn 0.2718 -0.7041 0.6561
vn 0.2142 -0.8286 0.5172
vn 0.1484 -0.9217 0.3584
vn 0.0769 -0.9796 0.1857
vn -0.0387 0.9817 -0.1866
vn 0.0426 0.9758 0.2144
vn 0.1097 0.8260 0.5529
vn 0.1385 0.7041 0.6965
vn 0.1626 0.5528 0.8173
vn 0.1804 0.3805 0.9070
vn 0.1914 0.1939 0.9622
vn 0.1951 -0.0000 0.9808
vn 0.1914 -0.1939 0.9622
vn 0.1804 -0.3805 0.9070
vn 0.1626 -0.5528 0.8173
vn 0.1385 -0.7041 0.6965
vn 0.1092 -0.8286 0.5490
vn 0.0757 -0.9217 0.3804
vn 0.0392 -0.9796 0.1971
vn -0.0000 0.9817 -0.1906
vn -0.0001 0.9765 0.2157
vn -0.0004 0.8266 0.5627
vn -0.0000 0.7041 0.7101
vn -0.0000 0.5528 0.8333
vn -0.0000 0.3805 0.9248
vn -0.0000 0.1939 0.9810
vn -0.0000 -0.0000 1.0000
vn -0.0000 -0.1939 0.9810
vn -0.0000 -0.3805 0.9248
vn -0.0000 -0.5528 0.8333
vn -0.0000 -0.7041 0.7101
vn -0.0000 -0.8286 0.5598
vn -0.0000 -0.9217 0.3879
vn -0.0000 -0.9796 0.2010
vn 0.0387 0.9817 -0.1866
vn -0.0416 0.9772 0.2082
vn -0.1100 0.8273 0.5508
vn -0.1385 0.7041 0.6965
vn -0.1626 0.5528 0.8173
vn -0.1804 0.3805 0.9070
vn -0.1914 0.1939 0.9622
vn -0.1951 -0.0000 0.9808
vn -0.1914 -0.1939 0.9622
vn -0.1804 -0.3805 0.9070
vn -0.1626 -0.5528 0.8173
vn -0.1385 -0.7041 0.6965
vn -0.1092 -0.8286 0.5490
vn -0.0757 -0.9217 0.3804
vn -0.0392 -0.9796 0.1971
vn 0.0757 0.9816 -0.1751
vn -0.0800 0.9780 0.1924
vn -0.2149 0.8281 0.5178
vn -0.2718 0.7041 0.6561
vn -0.3189 0.5528 0.7699
vn -0.3539 0.3805 0.8544
vn -0.3754 0.1939 0.9063
vn -0.3827 -0.0000 0.9239
vn -0.3754 -0.1939 0.9063
vn -0.3539 -0.3805 0.8544
vn -0.3189 -0.5528 0.7699
vn -0.2718 -0.7041 0.6561
vn -0.2142 -0.8286 0.5172
vn -0.1484 -0.9217 0.3584
vn -0.0769 -0.9796 0.1857
vn 0.1092 0.9816 -0.1567
vn -0.1137 0.9790 0.1695
vn -0.3112 0.8288 0.4650
vn -0.3945 0.7041 0.5905
vn -0.4630 0.5528 0.6929
vn -0.5138 0.3805 0.7689
vn -0.5450 0.1939 0.8157
vn -0.5556 -0.0000 0.8315
vn -0.5450 -0.1939 0.8157
vn -0.5138 -0.3805 0.7689
vn -0.4630 -0.5528 0.6929
vn -0.3945 -0.7041 0.5905
vn -0.3110 -0.8286 0.4654
vn -0.2155 -0.9217 0.3225
vn -0.1117 -0.9796 0.1671
vn 0.1382 0.9815 -0.1324
vn -0.1414 0.9799 0.1407
vn -0.3951 0.8296 0.3946
vn -0.5021 0.7041 0.5021
vn -0.5893 0.5528 0.5893
vn -0.6539 0.3805 0.6539
vn -0.6937 0.1939 0.6937
vn -0.7071 -0.0000 0.7071
vn -0.6937 -0.1939 0.6937
vn -0.6539 -0.3805 0.6539
vn -0.5893 -0.5528 0.5893
vn -0.5021 -0.7041 0.5021
vn -0.3958 -0.8286 0.3958
vn -0.2743 -0.9217 0.2743
vn -0.1421 -0.9796 0.1421
vn 0.1617 0.9814 -0.1034
vn -0.1622 0.9809 0.1077
vn -0.4636 0.8303 0.3094
vn -0.5905 0.7041 0.3945
vn -0.6929 0.5528 0.4630
vn -0.7689 0.3805 0.5138
vn -0.8157 0.1939 0.5450
vn -0.8315 -0.0000 0.5556
vn -0.8157 -0.1939 0.5450
vn -0.7689 -0.3805 0.5138
vn -0.6929 -0.5528 0.4630
vn -0.5905 -0.7041 0.3945
vn -0.4654 -0.8286 0.3110
vn -0.3225 -0.9217 0.2155
vn -0.1671 -0.9796 0.1117
vn 0.1790 0.9813 -0.0709
vn -0.1757 0.9818 0.0721
vn -0.5142 0.8309 0.2127
vn -0.6561 0.7041 0.2718
vn -0.7699 0.5528 0.3189
vn -0.8544 0.3805 0.3539
vn -0.9063 0.1939 0.3754
vn -0.9239 -0.0000 0.3827
vn -0.9063 -0.1939 0.3754
vn -0.8544 -0.3805 0.3539
vn -0.7699 -0.5528 0.3189
vn -0.6561 -0.7041 0.2718
vn -0.5172 -0.8286 0.2142
vn -0.3584 -0.9217 0.1484
vn -0.1857 -0.9796 0.0769
vn 0.1898 0.9812 -0.0360
vn -0.1820 0.9826 0.0356
vn -0.5450 0.8314 0.1081
vn -0.6965 0.7041 0.1385
vn -0.8173 0.5528 0.1626
vn -0.9070 0.3805 0.1804
vn -0.9622 0.1939 0.1914
vn -0.9808 -0.0000 0.1951
vn -0.9622 -0.1939 0.1914
vn -0.9070 -0.3805 0.1804
vn -0.8173 -0.5528 0.1626
vn -0.6965 -0.7041 0.1385
vn -0.5490 -0.8286 0.1092
vn -0.3804 -0.9217 0.0757
vn -0.1971 -0.9796 0.0392
vn 0.1938 0.9810 0.0002
vn -0.1816 0.9834 -0.0006
vn -0.5550 0.8318 -0.0002
vn -0.7101 0.7041 -0.0000
vn -0.8333 0.5528 -0.0000
vn -0.9248 0.3805 -0.0000
vn -0.9810 0.1939 -0.0000
vn -1.0000 -0.0000 -0.0000
vn -0.9810 -0.1939 -0.0000
vn -0.9248 -0.3805 -0.0000
vn -0.8333 -0.5528 -0.0000
vn -0.7101 -0.7041 -0.0000
vn -0.5598 -0.8286 -0.0000
vn -0.3879 -0.9217 -0.0000
vn -0.2010 -0.9796 -0.0000
vn 0.1909 0.9809 0.0367
vn -0.1751 0.9839 -0.0352
vn -0.5439 0.8322 -0.1083
vn -0.6965 0.7041 -0.1385
vn -0.8173 0.5528 -0.1626
vn -0.9070 0.3805 -0.1804
vn -0.9622 0.1939 -0.1914
vn -0.9808 -0.0000 -0.1951
vn -0.9622 -0.1939 -0.1914
vn -0.9070 -0.3805 -0.1804
vn -0.8173 -0.5528 -0.1626
vn -0.6965 -0.7041 -0.1385
vn -0.5490 -0.8286 -0.1092
vn -0.3804 -0.9217 -0.0757
vn -0.1971 -0.9796 -0.0392
vn 0.1811 0.9808 0.0722
vn -0.1632 0.9843 -0.0678
vn -0.5121 0.8323 -0.2122
vn -0.6561 0.7041 -0.2718
vn -0.7699 0.5528 -0.3189
vn -0.8544 0.3805 -0.3539
vn -0.9063 0.1939 -0.3754
vn -0.9239 -0.0000 -0.3827
vn -0.9063 -0.1939 -0.3754
vn -0.8544 -0.3805 -0.3539
vn -0.7699 -0.5528 -0.3189
vn -0.6561 -0.7041 -0.2718
vn -0.5172 -0.8286 -0.2142
vn -0.3584 -0.9217 -0.1484
vn -0.1857 -0.9796 -0.0769
vn 0.1644 0.9807 0.1056
vn -0.1467 0.9843 -0.0979
vn -0.4608 0.8324 -0.3079
vn -0.5905 0.7041 -0.3945
vn -0.6929 0.5528 -0.4630
vn -0.7689 0.3805 -0.5138
vn -0.8157 0.1939 -0.5450
vn -0.8315 -0.0000 -0.5556
vn -0.8157 -0.1939 -0.5450
vn -0.7689 -0.3805 -0.5138
vn -0.6929 -0.5528 -0.4630
vn -0.5905 -0.7041 -0.3945
vn -0.4654 -0.8286 -0.3110
vn -0.3225 -0.9217 -0.2155
vn -0.1671 -0.9796 -0.1117
vn 0.1412 0.9806 0.1356
vn -0.1257 0.9841 -0.1253
vn -0.3921 0.8323 -0.3919
vn -0.5021 0.7041 -0.5021
vn -0.5893 0.5528 -0.5893
vn -0.6539 0.3805 -0.6539
vn -0.6937 0.1939 -0.6937
vn -0.7071 -0.0000 -0.7071
vn -0.6937 -0.1939 -0.6937
vn -0.6539 -0.3805 -0.6539
vn -0.5893 -0.5528 -0.5893
vn -0.5021 -0.7041 -0.5021
vn -0.3958 -0.8286 -0.3958
vn -0.2743 -0.9217 -0.2743
vn -0.1421 -0.9796 -0.1421
vn 0.1120 0.9806 0.1609
vn -0.1003 0.9837 -0.1493
vn -0.3083 0.8320 -0.4612
vn -0.3945 0.7041 -0.5905
vn -0.4630 0.5528 -0.6929
vn -0.5138 0.3805 -0.7689
vn -0.5450 0.1939 -0.8157
vn -0.5556 -0.0000 -0.8315
vn -0.5450 -0.1939 -0.8157
vn -0.5138 -0.3805 -0.7689
vn -0.4630 -0.5528 -0.6929
vn -0.3945 -0.7041 -0.5905
vn -0.3110 -0.8286 -0.4654
vn -0.2155 -0.9217 -0.3225
vn -0.1117 -0.9796 -0.1671
vn 0.0778 0.9806 0.1799
vn -0.0707 0.9831 -0.1691
vn -0.2127 0.8317 -0.5129
vn -0.2718 0.7041 -0.6561
vn -0.3189 0.5528 -0.7699
vn -0.3539 0.3805 -0.8544
vn -0.3754 0.1939 -0.9063
vn -0.3827 -0.0000 -0.9239
vn -0.3754 -0.1939 -0.9063
vn -0.3539 -0.3805 -0.8544
vn -0.3189 -0.5528 -0.7699
vn -0.2718 -0.7041 -0.6561
vn -0.2142 -0.8286 -0.5172
vn -0.1484 -0.9217 -0.3584
vn -0.0769 -0.9796 -0.1857
vn 0.0397 0.9806 0.1919
vn -0.0372 0.9823 -0.1838
vn -0.1087 0.8312 -0.5453
vn -0.1385 0.7041 -0.6965
vn -0.1626 0.5528 -0.8173
vn -0.1804 0.3805 -0.9070
vn -0.1914 0.1939 -0.9622
vn -0.1951 -0.0000 -0.9808
vn -0.1914 -0.1939 -0.9622
vn -0.1804 -0.3805 -0.9070
vn -0.1626 -0.5528 -0.8173
vn -0.1385 -0.7041 -0.6965
vn -0.1092 -0.8286 -0.5490
vn -0.0757 -0.9217 -0.3804
vn -0.0392 -0.9796 -0.1971
vn -0.0000 0.9806 0.1961
vn -0.0006 0.9814 -0.1922
vn -0.0000 0.7041 -0.7101
vn -0.0000 0.3805 -0.9248
vn -0.0000 -0.3805 -0.9248
vn -0.0000 -0.7041 -0.7101
vn -0.0000 -0.8286 -0.5598
vn -0.0000 -0.9217 -0.3879
vn -0.0000 -0.9796 -0.2010
vn -0.1248 0.9455 0.3009
vn -0.0636 0.9455 0.3194
vn -0.1812 0.9455 0.2707
vn -0.2306 0.9454 0.2302
vn -0.2711 0.9454 0.1808
vn -0.3013 0.9454 0.1244
vn -0.3199 0.9453 0.0632
vn -0.3263 0.9453 -0.0004
vn -0.3201 0.9452 -0.0640
vn -0.3017 0.9451 -0.1253
vn -0.2716 0.9451 -0.1819
vn -0.2311 0.9450 -0.2315
vn -0.1817 0.9449 -0.2722
vn -0.1252 0.9449 -0.3025
vn -0.0638 0.9449 -0.3212
vn -0.0000 0.9448 -0.3275
vn 0.0638 0.9449 -0.3212
vn 0.1252 0.9449 -0.3025
vn 0.1817 0.9449 -0.2722
vn 0.2311 0.9450 -0.2315
vn 0.2716 0.9451 -0.1819
vn 0.3017 0.9451 -0.1253
vn 0.3201 0.9452 -0.0640
vn 0.3263 0.9453 -0.0004
vn 0.3199 0.9453 0.0632
vn 0.3013 0.9454 0.1244
vn 0.2711 0.9454 0.1808
vn 0.2306 0.9454 0.2302
vn 0.1811 0.9455 0.2707
vn 0.1248 0.9455 0.3009
vn 0.0636 0.9455 0.3194
vn -0.0000 0.9455 0.3257
vn -0.0430 0.9738 0.2234
vn -0.0844 0.9746 0.2073
vn -0.1215 0.9754 0.1841
vn -0.1533 0.9760 0.1549
vn -0.1787 0.9765 0.1206
vn -0.1973 0.9769 0.0827
vn -0.2084 0.9771 0.0422
vn -0.2119 0.9773 0.0006
vn -0.2075 0.9774 -0.0408
vn -0.1956 0.9774 -0.0807
vn -0.1763 0.9773 -0.1177
vn -0.1504 0.9771 -0.1505
vn -0.1186 0.9769 -0.1779
vn -0.0820 0.9766 -0.1990
vn -0.0418 0.9762 -0.2130
vn 0.0008 0.9757 -0.2191
vn 0.0442 0.9752 -0.2170
vn 0.0869 0.9745 -0.2067
vn 0.1273 0.9738 -0.1882
vn 0.1640 0.9731 -0.1619
vn 0.1953 0.9723 -0.1286
vn 0.2197 0.9715 -0.0894
vn 0.2360 0.9707 -0.0455
vn 0.2430 0.9700 0.0013
vn 0.2400 0.9695 0.0487
vn 0.2269 0.9693 0.0945
vn 0.2042 0.9694 0.1365
vn 0.1731 0.9697 0.1725
vn 0.1351 0.9703 0.2007
vn 0.0924 0.9711 0.2202
vn 0.0472 0.9719 0.2304
vn 0.0014 0.9729 0.2313
vt 0.750000 0.125000
vt 0.718750 0.062500
vt 0.750000 0.062500
vt 0.750000 0.562500
vt 0.718750 0.500000
vt 0.750000 0.500000
vt 0.749645 0.995912
vt 0.734375 1.000000
vt 0.719265 0.995912
vt 0.734375 0.000000
vt 0.718750 0.437500
vt 0.750000 0.437500
vt 0.750000 0.937500
vt 0.718750 0.892907
vt 0.750000 0.892907
vt 0.718750 0.375000
vt 0.750000 0.375000
vt 0.750000 0.875000
vt 0.718750 0.812500
vt 0.750000 0.812500
vt 0.718750 0.312500
vt 0.750000 0.312500
vt 0.750000 0.750000
vt 0.718750 0.750000
vt 0.718750 0.250000
vt 0.750000 0.250000
vt 0.750000 0.687500
vt 0.718750 0.687500
vt 0.718750 0.187500
vt 0.750000 0.187500
vt 0.750000 0.625000
vt 0.718750 0.625000
vt 0.718750 0.125000
vt 0.718750 0.562500
vt 0.687500 0.625000
vt 0.687500 0.187500
vt 0.687500 0.125000
vt 0.687500 0.562500
vt 0.687500 0.062500
vt 0.687500 0.500000
vt 0.703125 1.000000
vt 0.687439 0.995912
vt 0.703125 0.000000
vt 0.687500 0.437500
vt 0.718750 0.937500
vt 0.687500 0.892907
vt 0.687500 0.375000
vt 0.718750 0.875000
vt 0.687500 0.812500
vt 0.687500 0.312500
vt 0.687500 0.750000
vt 0.687500 0.250000
vt 0.687500 0.687500
vt 0.656250 0.375000
vt 0.687500 0.875000
vt 0.656250 0.812500
vt 0.656250 0.312500
vt 0.656250 0.750000
vt 0.656250 0.250000
vt 0.656250 0.687500
vt 0.656250 0.187500
vt 0.656250 0.625000
vt 0.656250 0.125000
vt 0.656250 0.562500
vt 0.656250 0.062500
vt 0.656250 0.500000
vt 0.671875 1.000000
vt 0.656280 0.995912
vt 0.671875 0.000000
vt 0.656250 0.437500
vt 0.687500 0.937500
vt 0.656250 0.892907
vt 0.625000 0.125000
vt 0.625000 0.625000
vt 0.625000 0.562500
vt 0.625000 0.062500
vt 0.625000 0.500000
vt 0.640625 1.000000
vt 0.625060 0.995912
vt 0.640625 0.000000
vt 0.625000 0.437500
vt 0.656250 0.937500
vt 0.625000 0.892907
vt 0.625000 0.375000
vt 0.656250 0.875000
vt 0.625000 0.812500
vt 0.625000 0.312500
vt 0.625000 0.750000
vt 0.625000 0.250000
vt 0.625000 0.687500
vt 0.625000 0.187500
vt 0.593750 0.375000
vt 0.593750 0.312500
vt 0.593750 0.750000
vt 0.593750 0.250000
vt 0.593750 0.687500
vt 0.593750 0.187500
vt 0.593750 0.625000
vt 0.593750 0.125000
vt 0.593750 0.562500
vt 0.593750 0.062500
vt 0.593750 0.500000
vt 0.609375 1.000000
vt 0.593780 0.995912
vt 0.609375 0.000000
vt 0.593750 0.437500
vt 0.625000 0.937500
vt 0.593750 0.892907
vt 0.625000 0.875000
vt 0.593750 0.812500
vt 0.562500 0.125000
vt 0.562500 0.062500
vt 0.562500 0.562500
vt 0.562500 0.500000
vt 0.578125 1.000000
vt 0.562438 0.995912
vt 0.578125 0.000000
vt 0.562500 0.437500
vt 0.593750 0.937500
vt 0.562500 0.892907
vt 0.562500 0.375000
vt 0.593750 0.875000
vt 0.562500 0.812500
vt 0.562500 0.312500
vt 0.562500 0.750000
vt 0.562500 0.250000
vt 0.562500 0.687500
vt 0.562500 0.187500
vt 0.562500 0.625000
vt 0.531250 0.750000
vt 0.531250 0.250000
vt 0.531250 0.687500
vt 0.531250 0.187500
vt 0.531250 0.625000
vt 0.531250 0.125000
vt 0.531250 0.562500
vt 0.531250 0.062500
vt 0.531250 0.500000
vt 0.546875 1.000000
vt 0.531053 0.995912
vt 0.546875 0.000000
vt 0.531250 0.437500
vt 0.562500 0.937500
vt 0.531250 0.892907
vt 0.531250 0.375000
vt 0.562500 0.875000
vt 0.531250 0.812500
vt 0.531250 0.312500
vt 0.500000 0.562500
vt 0.500000 0.500000
vt 0.515625 1.000000
vt 0.499645 0.995912
vt 0.515625 0.000000
vt 0.500000 0.062500
vt 0.500000 0.437500
vt 0.531250 0.937500
vt 0.500000 0.892907
vt 0.500000 0.375000
vt 0.531250 0.875000
vt 0.500000 0.812500
vt 0.500000 0.312500
vt 0.500000 0.750000
vt 0.500000 0.250000
vt 0.500000 0.687500
vt 0.500000 0.187500
vt 0.500000 0.625000
vt 0.500000 0.125000
vt 0.468750 0.250000
vt 0.468750 0.750000
vt 0.468750 0.687500
vt 0.468750 0.187500
vt 0.468750 0.625000
vt 0.468750 0.125000
vt 0.468750 0.562500
vt 0.468750 0.062500
vt 0.468750 0.500000
vt 0.484375 1.000000
vt 0.468236 0.995912
vt 0.484375 0.000000
vt 0.468750 0.437500
vt 0.500000 0.937500
vt 0.468750 0.892907
vt 0.468750 0.375000
vt 0.500000 0.875000
vt 0.468750 0.812500
vt 0.468750 0.312500
vt 0.453125 1.000000
vt 0.436852 0.995912
vt 0.453125 0.000000
vt 0.437500 0.062500
vt 0.437500 0.437500
vt 0.468750 0.937500
vt 0.437500 0.892907
vt 0.437500 0.375000
vt 0.468750 0.875000
vt 0.437500 0.812500
vt 0.437500 0.312500
vt 0.437500 0.750000
vt 0.437500 0.250000
vt 0.437500 0.687500
vt 0.437500 0.187500
vt 0.437500 0.625000
vt 0.437500 0.125000
vt 0.437500 0.562500
vt 0.437500 0.500000
vt 0.406250 0.750000
vt 0.406250 0.687500
vt 0.406250 0.250000
vt 0.406250 0.187500
vt 0.406250 0.625000
vt 0.406250 0.125000
vt 0.406250 0.562500
vt 0.406250 0.062500
vt 0.406250 0.500000
vt 0.421875 1.000000
vt 0.405511 0.995912
vt 0.421875 0.000000
vt 0.406250 0.437500
vt 0.437500 0.937500
vt 0.406250 0.892907
vt 0.406250 0.375000
vt 0.437500 0.875000
vt 0.406250 0.812500
vt 0.406250 0.312500
vt 0.375000 0.437500
vt 0.406250 0.937500
vt 0.375000 0.892907
vt 0.375000 0.375000
vt 0.375000 0.875000
vt 0.375000 0.812500
vt 0.375000 0.312500
vt 0.375000 0.750000
vt 0.375000 0.250000
vt 0.375000 0.687500
vt 0.375000 0.187500
vt 0.375000 0.625000
vt 0.375000 0.125000
vt 0.375000 0.562500
vt 0.375000 0.062500
vt 0.375000 0.500000
vt 0.390625 1.000000
vt 0.374232 0.995912
vt 0.390625 0.000000
vt 0.343750 0.250000
vt 0.343750 0.187500
vt 0.343750 0.625000
vt 0.343750 0.125000
vt 0.343750 0.562500
vt 0.343750 0.062500
vt 0.343750 0.500000
vt 0.359375 1.000000
vt 0.343010 0.995912
vt 0.359375 0.000000
vt 0.343750 0.437500
vt 0.375000 0.937500
vt 0.343750 0.892907
vt 0.343750 0.375000
vt 0.343750 0.875000
vt 0.343750 0.812500
vt 0.343750 0.312500
vt 0.343750 0.750000
vt 0.343750 0.687500
vt 0.312500 0.375000
vt 0.312500 0.875000
vt 0.312500 0.812500
vt 0.312500 0.312500
vt 0.312500 0.750000
vt 0.312500 0.250000
vt 0.312500 0.687500
vt 0.312500 0.187500
vt 0.312500 0.625000
vt 0.312500 0.125000
vt 0.312500 0.562500
vt 0.312500 0.062500
vt 0.312500 0.500000
vt 0.328125 1.000000
vt 0.311850 0.995912
vt 0.328125 0.000000
vt 0.312500 0.437500
vt 0.343750 0.937500
vt 0.312500 0.892907
vt 0.281250 0.125000
vt 0.281250 0.625000
vt 0.281250 0.562500
vt 0.281250 0.062500
vt 0.281250 0.500000
vt 0.296875 1.000000
vt 0.280735 0.995912
vt 0.296875 0.000000
vt 0.281250 0.437500
vt 0.312500 0.937500
vt 0.281250 0.892907
vt 0.281250 0.375000
vt 0.281250 0.875000
vt 0.281250 0.812500
vt 0.281250 0.312500
vt 0.281250 0.750000
vt 0.281250 0.250000
vt 0.281250 0.687500
vt 0.281250 0.187500
vt 0.250000 0.875000
vt 0.250000 0.812500
vt 0.250000 0.375000
vt 0.250000 0.312500
vt 0.250000 0.750000
vt 0.250000 0.250000
vt 0.250000 0.687500
vt 0.250000 0.187500
vt 0.250000 0.625000
vt 0.250000 0.125000
vt 0.250000 0.562500
vt 0.250000 0.062500
vt 0.250000 0.500000
vt 0.265625 1.000000
vt 0.249645 0.995912
vt 0.265625 0.000000
vt 0.250000 0.437500
vt 0.281250 0.937500
vt 0.250000 0.892907
vt 0.218750 0.625000
vt 0.218750 0.562500
vt 0.218750 0.062500
vt 0.218750 0.500000
vt 0.234375 1.000000
vt 0.218554 0.995912
vt 0.234375 0.000000
vt 0.218750 0.437500
vt 0.218750 0.937500
vt 0.218750 0.892907
vt 0.218750 0.375000
vt 0.218750 0.875000
vt 0.218750 0.812500
vt 0.218750 0.312500
vt 0.218750 0.750000
vt 0.218750 0.250000
vt 0.218750 0.687500
vt 0.218750 0.187500
vt 0.218750 0.125000
vt 0.187500 0.375000
vt 0.187500 0.312500
vt 0.187500 0.750000
vt 0.187500 0.250000
vt 0.187500 0.687500
vt 0.187500 0.187500
vt 0.187500 0.625000
vt 0.187500 0.125000
vt 0.187500 0.562500
vt 0.187500 0.062500
vt 0.187500 0.500000
vt 0.203125 1.000000
vt 0.187439 0.995912
vt 0.203125 0.000000
vt 0.187500 0.437500
vt 0.187500 0.937500
vt 0.187500 0.892907
vt 0.187500 0.875000
vt 0.187500 0.812500
vt 0.156250 0.125000
vt 0.156250 0.062500
vt 0.156250 0.562500
vt 0.156250 0.500000
vt 0.171875 1.000000
vt 0.156283 0.995912
vt 0.171875 0.000000
vt 0.156250 0.437500
vt 0.156250 0.937500
vt 0.156250 0.892907
vt 0.156250 0.375000
vt 0.156250 0.875000
vt 0.156250 0.812500
vt 0.156250 0.312500
vt 0.156250 0.750000
vt 0.156250 0.250000
vt 0.156250 0.687500
vt 0.156250 0.187500
vt 0.156250 0.625000
vt 0.125000 0.750000
vt 0.125000 0.250000
vt 0.125000 0.687500
vt 0.125000 0.187500
vt 0.125000 0.625000
vt 0.125000 0.125000
vt 0.125000 0.562500
vt 0.125000 0.062500
vt 0.125000 0.500000
vt 0.140625 1.000000
vt 0.125060 0.995912
vt 0.140625 0.000000
vt 0.125000 0.437500
vt 0.125000 0.937500
vt 0.125000 0.892907
vt 0.125000 0.375000
vt 0.125000 0.875000
vt 0.125000 0.812500
vt 0.125000 0.312500
vt 0.093750 0.562500
vt 0.093750 0.500000
vt 0.109375 1.000000
vt 0.093779 0.995912
vt 0.109375 0.000000
vt 0.093750 0.062500
vt 0.093750 0.437500
vt 0.093750 0.937500
vt 0.093750 0.892907
vt 0.093750 0.375000
vt 0.093750 0.875000
vt 0.093750 0.812500
vt 0.093750 0.312500
vt 0.093750 0.750000
vt 0.093750 0.250000
vt 0.093750 0.687500
vt 0.093750 0.187500
vt 0.093750 0.625000
vt 0.093750 0.125000
vt 0.062500 0.250000
vt 0.062500 0.687500
vt 0.062500 0.187500
vt 0.062500 0.625000
vt 0.062500 0.125000
vt 0.062500 0.562500
vt 0.062500 0.062500
vt 0.062500 0.500000
vt 0.078125 1.000000
vt 0.062442 0.995912
vt 0.078125 0.000000
vt 0.062500 0.437500
vt 0.062500 0.937500
vt 0.062500 0.892907
vt 0.062500 0.375000
vt 0.062500 0.875000
vt 0.062500 0.812500
vt 0.062500 0.312500
vt 0.062500 0.750000
vt 0.046875 0.000000
vt 0.031250 0.062500
vt 0.031250 0.437500
vt 0.031250 0.937500
vt 0.031250 0.892907
vt 0.031250 0.375000
vt 0.031250 0.875000
vt 0.031250 0.812500
vt 0.031250 0.312500
vt 0.031250 0.750000
vt 0.031250 0.250000
vt 0.031250 0.687500
vt 0.031250 0.187500
vt 0.031250 0.625000
vt 0.031250 0.125000
vt 0.031250 0.562500
vt 0.031250 0.500000
vt 0.046875 1.000000
vt 0.031053 0.995912
vt 0.000000 0.250000
vt 0.000000 0.187500
vt 0.000000 0.625000
vt 0.000000 0.125000
vt 0.000000 0.562500
vt 0.000000 0.062500
vt 0.000000 0.500000
vt 0.015625 1.000000
vt 0.014603 0.995912
vt 0.015625 0.000000
vt 0.000000 0.437500
vt 0.000000 0.937500
vt 0.000000 0.892907
vt 0.000000 0.375000
vt 0.000000 0.875000
vt 0.000000 0.812500
vt 0.000000 0.312500
vt 0.000000 0.750000
vt 0.000000 0.687500
vt 1.000000 0.892907
vt 0.968750 0.937500
vt 0.968750 0.892907
vt 1.000000 0.437500
vt 0.968750 0.375000
vt 1.000000 0.375000
vt 1.000000 0.812500
vt 0.968750 0.875000
vt 0.968750 0.812500
vt 1.000000 0.312500
vt 0.968750 0.312500
vt 0.968750 0.750000
vt 1.000000 0.750000
vt 0.968750 0.250000
vt 1.000000 0.250000
vt 1.000000 0.687500
vt 0.968750 0.687500
vt 1.000000 0.187500
vt 0.968750 0.187500
vt 0.968750 0.625000
vt 1.000000 0.625000
vt 0.968750 0.125000
vt 1.000000 0.125000
vt 1.000000 0.562500
vt 0.968750 0.562500
vt 0.968750 0.062500
vt 1.000000 0.062500
vt 1.000000 0.500000
vt 0.968750 0.500000
vt 0.985397 0.995912
vt 0.984375 1.000000
vt 0.968238 0.995912
vt 0.984375 0.000000
vt 0.968750 0.437500
vt 0.937500 0.625000
vt 0.937500 0.125000
vt 0.937500 0.562500
vt 0.937500 0.062500
vt 0.937500 0.500000
vt 0.953125 1.000000
vt 0.936850 0.995912
vt 0.953125 0.000000
vt 0.937500 0.437500
vt 0.937500 0.937500
vt 0.937500 0.892907
vt 0.937500 0.375000
vt 0.937500 0.875000
vt 0.937500 0.812500
vt 0.937500 0.312500
vt 0.937500 0.750000
vt 0.937500 0.250000
vt 0.937500 0.687500
vt 0.937500 0.187500
vt 0.906250 0.375000
vt 0.906250 0.875000
vt 0.906250 0.812500
vt 0.906250 0.312500
vt 0.906250 0.750000
vt 0.906250 0.250000
vt 0.906250 0.687500
vt 0.906250 0.187500
vt 0.906250 0.625000
vt 0.906250 0.125000
vt 0.906250 0.562500
vt 0.906250 0.062500
vt 0.906250 0.500000
vt 0.921875 1.000000
vt 0.905511 0.995912
vt 0.921875 0.000000
vt 0.906250 0.437500
vt 0.906250 0.937500
vt 0.906250 0.892907
vt 0.875000 0.125000
vt 0.875000 0.625000
vt 0.875000 0.562500
vt 0.875000 0.062500
vt 0.875000 0.500000
vt 0.890625 1.000000
vt 0.874229 0.995912
vt 0.890625 0.000000
vt 0.875000 0.437500
vt 0.875000 0.937500
vt 0.875000 0.892907
vt 0.875000 0.375000
vt 0.875000 0.812500
vt 0.875000 0.312500
vt 0.875000 0.750000
vt 0.875000 0.250000
vt 0.875000 0.687500
vt 0.875000 0.187500
vt 0.875000 0.875000
vt 0.843750 0.812500
vt 0.843750 0.375000
vt 0.843750 0.312500
vt 0.843750 0.750000
vt 0.843750 0.250000
vt 0.843750 0.687500
vt 0.843750 0.187500
vt 0.843750 0.625000
vt 0.843750 0.125000
vt 0.843750 0.562500
vt 0.843750 0.062500
vt 0.843750 0.500000
vt 0.859375 1.000000
vt 0.843012 0.995912
vt 0.859375 0.000000
vt 0.843750 0.437500
vt 0.843750 0.937500
vt 0.843750 0.892907
vt 0.812500 0.625000
vt 0.812500 0.562500
vt 0.812500 0.062500
vt 0.812500 0.500000
vt 0.828125 1.000000
vt 0.811849 0.995912
vt 0.828125 0.000000
vt 0.812500 0.437500
vt 0.812500 0.937500
vt 0.812500 0.892907
vt 0.812500 0.375000
vt 0.843750 0.875000
vt 0.812500 0.812500
vt 0.812500 0.312500
vt 0.812500 0.750000
vt 0.812500 0.250000
vt 0.812500 0.687500
vt 0.812500 0.187500
vt 0.812500 0.125000
vt 0.781250 0.375000
vt 0.781250 0.312500
vt 0.781250 0.750000
vt 0.781250 0.250000
vt 0.781250 0.687500
vt 0.781250 0.187500
vt 0.781250 0.625000
vt 0.781250 0.125000
vt 0.781250 0.562500
vt 0.781250 0.062500
vt 0.781250 0.500000
vt 0.796875 1.000000
vt 0.780735 0.995912
vt 0.796875 0.000000
vt 0.781250 0.437500
vt 0.781250 0.937500
vt 0.781250 0.892907
vt 0.812500 0.875000
vt 0.781250 0.812500
vt 0.765625 1.000000
vt 0.765625 0.000000
vt 0.781250 0.875000
vt 0.250000 0.937500
vt 1.000000 0.937500
vt 1.000000 0.875000
vt 0.406250 0.875000
s 1
usemtl Material.002
f 481/1/481 23/2/23 482/3/482
f 4/4/4 16/5/16 5/6/5
f 474/7/474 1/8/1 9/9/9
f 8/10/8 482/3/482 23/2/23
f 5/6/5 17/11/17 6/12/6
f 514/13/514 515/14/515 546/15/546
f 6/12/6 18/16/18 478/17/478
f 475/18/475 11/19/11 2/20/2
f 478/17/478 19/21/19 7/22/7
f 476/23/476 11/19/11 12/24/12
f 7/22/7 20/25/20 479/26/479
f 3/27/3 12/24/12 13/28/13
f 479/26/479 21/29/21 480/30/480
f 477/31/477 13/28/13 14/32/14
f 480/30/480 22/33/22 481/1/481
f 4/4/4 14/32/14 15/34/15
f 13/28/13 29/35/29 14/32/14
f 22/33/22 36/36/36 37/37/37
f 15/34/15 29/35/29 30/38/30
f 22/33/22 38/39/38 23/2/23
f 15/34/15 31/40/31 16/5/16
f 9/9/9 1/41/1 24/42/24
f 8/43/8 23/2/23 38/39/38
f 16/5/16 32/44/32 17/11/17
f 484/45/484 516/46/516 515/14/515
f 17/11/17 33/47/33 18/16/18
f 10/48/10 26/49/26 11/19/11
f 18/16/18 34/50/34 19/21/19
f 11/19/11 27/51/27 12/24/12
f 19/21/19 35/52/35 20/25/20
f 12/24/12 28/53/28 13/28/13
f 21/29/21 35/52/35 36/36/36
f 32/44/32 48/54/48 33/47/33
f 25/55/25 41/56/41 26/49/26
f 34/50/34 48/54/48 49/57/49
f 26/49/26 42/58/42 27/51/27
f 35/52/35 49/57/49 50/59/50
f 27/51/27 43/60/43 28/53/28
f 36/36/36 50/59/50 51/61/51
f 28/53/28 44/62/44 29/35/29
f 36/36/36 52/63/52 37/37/37
f 29/35/29 45/64/45 30/38/30
f 37/37/37 53/65/53 38/39/38
f 30/38/30 46/66/46 31/40/31
f 24/42/24 1/67/1 39/68/39
f 8/69/8 38/39/38 53/65/53
f 32/44/32 46/66/46 47/70/47
f 483/71/483 517/72/517 516/46/516
f 51/61/51 67/73/67 52/63/52
f 45/64/45 59/74/59 60/75/60
f 52/63/52 68/76/68 53/65/53
f 46/66/46 60/75/60 61/77/61
f 39/68/39 1/78/1 54/79/54
f 8/80/8 53/65/53 68/76/68
f 46/66/46 62/81/62 47/70/47
f 485/82/485 518/83/518 517/72/517
f 47/70/47 63/84/63 48/54/48
f 40/85/40 56/86/56 41/56/41
f 49/57/49 63/84/63 64/87/64
f 41/56/41 57/88/57 42/58/42
f 49/57/49 65/89/65 50/59/50
f 42/58/42 58/90/58 43/60/43
f 50/59/50 66/91/66 51/61/51
f 43/60/43 59/74/59 44/62/44
f 64/87/64 78/92/78 79/93/79
f 56/86/56 72/94/72 57/88/57
f 64/87/64 80/95/80 65/89/65
f 58/90/58 72/94/72 73/96/73
f 65/89/65 81/97/81 66/91/66
f 58/90/58 74/98/74 59/74/59
f 67/73/67 81/97/81 82/99/82
f 60/75/60 74/98/74 75/100/75
f 67/73/67 83/101/83 68/76/68
f 61/77/61 75/100/75 76/102/76
f 54/79/54 1/103/1 69/104/69
f 8/105/8 68/76/68 83/101/83
f 61/77/61 77/106/77 62/81/62
f 486/107/486 519/108/519 518/83/518
f 62/81/62 78/92/78 63/84/63
f 55/109/55 71/110/71 56/86/56
f 83/101/83 97/111/97 98/112/98
f 76/102/76 90/113/90 91/114/91
f 69/104/69 1/115/1 84/116/84
f 8/117/8 83/101/83 98/112/98
f 76/102/76 92/118/92 77/106/77
f 487/119/487 520/120/520 519/108/519
f 77/106/77 93/121/93 78/92/78
f 70/122/70 86/123/86 71/110/71
f 79/93/79 93/121/93 94/124/94
f 71/110/71 87/125/87 72/94/72
f 79/93/79 95/126/95 80/95/80
f 73/96/73 87/125/87 88/127/88
f 80/95/80 96/128/96 81/97/81
f 73/96/73 89/129/89 74/98/74
f 81/97/81 97/111/97 82/99/82
f 75/100/75 89/129/89 90/113/90
f 86/123/86 102/130/102 87/125/87
f 94/124/94 110/131/110 95/126/95
f 88/127/88 102/130/102 103/132/103
f 96/128/96 110/131/110 111/133/111
f 88/127/88 104/134/104 89/129/89
f 97/111/97 111/133/111 112/135/112
f 90/113/90 104/134/104 105/136/105
f 97/111/97 113/137/113 98/112/98
f 91/114/91 105/136/105 106/138/106
f 84/116/84 1/139/1 99/140/99
f 8/141/8 98/112/98 113/137/113
f 91/114/91 107/142/107 92/118/92
f 488/143/488 521/144/521 520/120/520
f 92/118/92 108/145/108 93/121/93
f 85/146/85 101/147/101 86/123/86
f 94/124/94 108/145/108 109/148/109
f 106/138/106 120/149/120 121/150/121
f 99/140/99 1/151/1 114/152/114
f 8/153/8 113/137/113 128/154/128
f 106/138/106 122/155/122 107/142/107
f 489/156/489 522/157/522 521/144/521
f 107/142/107 123/158/123 108/145/108
f 100/159/100 116/160/116 101/147/101
f 109/148/109 123/158/123 124/161/124
f 101/147/101 117/162/117 102/130/102
f 109/148/109 125/163/125 110/131/110
f 103/132/103 117/162/117 118/164/118
f 111/133/111 125/163/125 126/165/126
f 103/132/103 119/166/119 104/134/104
f 111/133/111 127/167/127 112/135/112
f 105/136/105 119/166/119 120/149/120
f 112/135/112 128/154/128 113/137/113
f 124/161/124 140/168/140 125/163/125
f 118/164/118 132/169/132 133/170/133
f 126/165/126 140/168/140 141/171/141
f 118/164/118 134/172/134 119/166/119
f 126/165/126 142/173/142 127/167/127
f 120/149/120 134/172/134 135/174/135
f 127/167/127 143/175/143 128/154/128
f 121/150/121 135/174/135 136/176/136
f 114/152/114 1/177/1 129/178/129
f 8/179/8 128/154/128 143/175/143
f 121/150/121 137/180/137 122/155/122
f 490/181/490 523/182/523 522/157/522
f 122/155/122 138/183/138 123/158/123
f 115/184/115 131/185/131 116/160/116
f 124/161/124 138/183/138 139/186/139
f 116/160/116 132/169/132 117/162/117
f 129/178/129 1/187/1 144/188/144
f 8/189/8 143/175/143 158/190/158
f 136/176/136 152/191/152 137/180/137
f 491/192/491 524/193/524 523/182/523
f 137/180/137 153/194/153 138/183/138
f 130/195/130 146/196/146 131/185/131
f 139/186/139 153/194/153 154/197/154
f 131/185/131 147/198/147 132/169/132
f 139/186/139 155/199/155 140/168/140
f 133/170/133 147/198/147 148/200/148
f 141/171/141 155/199/155 156/201/156
f 133/170/133 149/202/149 134/172/134
f 141/171/141 157/203/157 142/173/142
f 135/174/135 149/202/149 150/204/150
f 143/175/143 157/203/157 158/190/158
f 136/176/136 150/204/150 151/205/151
f 148/200/148 162/206/162 163/207/163
f 156/201/156 170/208/170 171/209/171
f 148/200/148 164/210/164 149/202/149
f 156/201/156 172/211/172 157/203/157
f 150/204/150 164/210/164 165/212/165
f 157/203/157 173/213/173 158/190/158
f 151/205/151 165/212/165 166/214/166
f 144/188/144 1/215/1 159/216/159
f 8/217/8 158/190/158 173/213/173
f 151/205/151 167/218/167 152/191/152
f 492/219/492 525/220/525 524/193/524
f 152/191/152 168/221/168 153/194/153
f 145/222/145 161/223/161 146/196/146
f 154/197/154 168/221/168 169/224/169
f 146/196/146 162/206/162 147/198/147
f 154/197/154 170/208/170 155/199/155
f 166/214/166 182/225/182 167/218/167
f 493/226/493 526/227/526 525/220/525
f 167/218/167 183/228/183 168/221/168
f 161/223/161 175/229/175 176/230/176
f 169/224/169 183/228/183 184/231/184
f 161/223/161 177/232/177 162/206/162
f 169/224/169 185/233/185 170/208/170
f 163/207/163 177/232/177 178/234/178
f 170/208/170 186/235/186 171/209/171
f 163/207/163 179/236/179 164/210/164
f 172/211/172 186/235/186 187/237/187
f 165/212/165 179/236/179 180/238/180
f 173/213/173 187/237/187 188/239/188
f 166/214/166 180/238/180 181/240/181
f 159/216/159 1/241/1 174/242/174
f 8/243/8 173/213/173 188/239/188
f 186/235/186 200/244/200 201/245/201
f 178/234/178 194/246/194 179/236/179
f 186/235/186 202/247/202 187/237/187
f 180/238/180 194/246/194 195/248/195
f 187/237/187 203/249/203 188/239/188
f 181/240/181 195/248/195 196/250/196
f 174/242/174 1/251/1 189/252/189
f 8/253/8 188/239/188 203/249/203
f 181/240/181 197/254/197 182/225/182
f 494/255/494 527/256/527 526/227/526
f 182/225/182 198/257/198 183/228/183
f 176/230/176 190/258/190 191/259/191
f 184/231/184 198/257/198 199/260/199
f 176/230/176 192/261/192 177/232/177
f 184/231/184 200/244/200 185/233/185
f 178/234/178 192/261/192 193/262/193
f 197/254/197 213/263/213 198/257/198
f 191/259/191 205/264/205 206/265/206
f 199/260/199 213/263/213 214/266/214
f 191/259/191 207/267/207 192/261/192
f 199/260/199 215/268/215 200/244/200
f 193/262/193 207/267/207 208/269/208
f 201/245/201 215/268/215 216/270/216
f 193/262/193 209/271/209 194/246/194
f 201/245/201 217/272/217 202/247/202
f 195/248/195 209/271/209 210/273/210
f 202/247/202 218/274/218 203/249/203
f 196/250/196 210/273/210 211/275/211
f 189/252/189 1/276/1 204/277/204
f 8/278/8 203/249/203 218/274/218
f 196/250/196 212/279/212 197/254/197
f 495/280/495 528/281/528 527/256/527
f 216/270/216 232/282/232 217/272/217
f 210/273/210 224/283/224 225/284/225
f 217/272/217 233/285/233 218/274/218
f 211/275/211 225/284/225 226/286/226
f 204/277/204 1/287/1 219/288/219
f 8/289/8 218/274/218 233/285/233
f 211/275/211 227/290/227 212/279/212
f 496/291/496 529/292/529 528/281/528
f 212/279/212 228/293/228 213/263/213
f 206/265/206 220/294/220 221/295/221
f 214/266/214 228/293/228 229/296/229
f 206/265/206 222/297/222 207/267/207
f 214/266/214 230/298/230 215/268/215
f 208/269/208 222/297/222 223/299/223
f 216/270/216 230/298/230 231/300/231
f 208/269/208 224/283/224 209/271/209
f 221/295/221 235/301/235 236/302/236
f 229/296/229 243/303/243 244/304/244
f 221/295/221 237/305/237 222/297/222
f 229/296/229 245/306/245 230/298/230
f 223/299/223 237/305/237 238/307/238
f 231/300/231 245/306/245 246/308/246
f 223/299/223 239/309/239 224/283/224
f 231/300/231 247/310/247 232/282/232
f 225/284/225 239/309/239 240/311/240
f 233/285/233 247/310/247 248/312/248
f 226/286/226 240/311/240 241/313/241
f 219/288/219 1/314/1 234/315/234
f 8/316/8 233/285/233 248/312/248
f 226/286/226 242/317/242 227/290/227
f 497/318/497 530/319/530 529/292/529
f 227/290/227 243/303/243 228/293/228
f 240/311/240 254/320/254 255/321/255
f 247/310/247 263/322/263 248/312/248
f 241/313/241 255/321/255 256/323/256
f 234/315/234 1/324/1 249/325/249
f 8/326/8 248/312/248 263/322/263
f 241/313/241 257/327/257 242/317/242
f 530/319/530 499/328/499 531/329/531
f 242/317/242 258/330/258 243/303/243
f 236/302/236 250/331/250 251/332/251
f 244/304/244 258/330/258 259/333/259
f 236/302/236 252/334/252 237/305/237
f 244/304/244 260/335/260 245/306/245
f 238/307/238 252/334/252 253/336/253
f 246/308/246 260/335/260 261/337/261
f 238/307/238 254/320/254 239/309/239
f 246/308/246 262/338/262 247/310/247
f 259/333/259 273/339/273 274/340/274
f 251/332/251 267/341/267 252/334/252
f 259/333/259 275/342/275 260/335/260
f 253/336/253 267/341/267 268/343/268
f 261/337/261 275/342/275 276/344/276
f 253/336/253 269/345/269 254/320/254
f 261/337/261 277/346/277 262/338/262
f 255/321/255 269/345/269 270/347/270
f 262/338/262 278/348/278 263/322/263
f 256/323/256 270/347/270 271/349/271
f 249/325/249 1/350/1 264/351/264
f 8/352/8 263/322/263 278/348/278
f 256/323/256 272/353/272 257/327/257
f 531/329/531 500/354/500 532/355/532
f 257/327/257 273/339/273 258/330/258
f 251/332/251 265/356/265 266/357/266
f 278/348/278 292/358/292 293/359/293
f 271/349/271 285/360/285 286/361/286
f 264/351/264 1/362/1 279/363/279
f 8/364/8 278/348/278 293/359/293
f 271/349/271 287/365/287 272/353/272
f 532/355/532 501/366/501 533/367/533
f 272/353/272 288/368/288 273/339/273
f 266/357/266 280/369/280 281/370/281
f 274/340/274 288/368/288 289/371/289
f 266/357/266 282/372/282 267/341/267
f 274/340/274 290/373/290 275/342/275
f 268/343/268 282/372/282 283/374/283
f 276/344/276 290/373/290 291/375/291
f 268/343/268 284/376/284 269/345/269
f 276/344/276 292/358/292 277/346/277
f 270/347/270 284/376/284 285/360/285
f 281/370/281 297/377/297 282/372/282
f 289/371/289 305/378/305 290/373/290
f 283/374/283 297/377/297 298/379/298
f 291/375/291 305/378/305 306/380/306
f 283/374/283 299/381/299 284/376/284
f 291/375/291 307/382/307 292/358/292
f 285/360/285 299/381/299 300/383/300
f 293/359/293 307/382/307 308/384/308
f 286/361/286 300/383/300 301/385/301
f 279/363/279 1/386/1 294/387/294
f 8/388/8 293/359/293 308/384/308
f 286/361/286 302/389/302 287/365/287
f 533/367/533 502/390/502 534/391/534
f 287/365/287 303/392/303 288/368/288
f 281/370/281 295/393/295 296/394/296
f 289/371/289 303/392/303 304/395/304
f 301/385/301 315/396/315 316/397/316
f 294/387/294 1/398/1 309/399/309
f 8/400/8 308/384/308 323/401/323
f 301/385/301 317/402/317 302/389/302
f 534/391/534 503/403/503 535/404/535
f 302/389/302 318/405/318 303/392/303
f 296/394/296 310/406/310 311/407/311
f 304/395/304 318/405/318 319/408/319
f 296/394/296 312/409/312 297/377/297
f 304/395/304 320/410/320 305/378/305
f 298/379/298 312/409/312 313/411/313
f 306/380/306 320/410/320 321/412/321
f 298/379/298 314/413/314 299/381/299
f 306/380/306 322/414/322 307/382/307
f 300/383/300 314/413/314 315/396/315
f 307/382/307 323/401/323 308/384/308
f 319/408/319 335/415/335 320/410/320
f 312/409/312 328/416/328 313/411/313
f 321/412/321 335/415/335 336/417/336
f 313/411/313 329/418/329 314/413/314
f 321/412/321 337/419/337 322/414/322
f 315/396/315 329/418/329 330/420/330
f 322/414/322 338/421/338 323/401/323
f 316/397/316 330/420/330 331/422/331
f 309/399/309 1/423/1 324/424/324
f 8/425/8 323/401/323 338/421/338
f 316/397/316 332/426/332 317/402/317
f 535/404/535 504/427/504 536/428/536
f 317/402/317 333/429/333 318/405/318
f 311/407/311 325/430/325 326/431/326
f 319/408/319 333/429/333 334/432/334
f 311/407/311 327/433/327 312/409/312
f 8/434/8 338/421/338 353/435/353
f 331/422/331 347/436/347 332/426/332
f 536/428/536 505/437/505 537/438/537
f 332/426/332 348/439/348 333/429/333
f 326/431/326 340/440/340 341/441/341
f 334/432/334 348/439/348 349/442/349
f 326/431/326 342/443/342 327/433/327
f 334/432/334 350/444/350 335/415/335
f 328/416/328 342/443/342 343/445/343
f 336/417/336 350/444/350 351/446/351
f 328/416/328 344/447/344 329/418/329
f 336/417/336 352/448/352 337/419/337
f 330/420/330 344/447/344 345/449/345
f 337/419/337 353/435/353 338/421/338
f 331/422/331 345/449/345 346/450/346
f 324/424/324 1/451/1 339/452/339
f 351/446/351 365/453/365 366/454/366
f 343/445/343 359/455/359 344/447/344
f 351/446/351 367/456/367 352/448/352
f 345/449/345 359/455/359 360/457/360
f 352/448/352 368/458/368 353/435/353
f 346/450/346 360/457/360 361/459/361
f 339/452/339 1/460/1 354/461/354
f 8/462/8 353/435/353 368/458/368
f 346/450/346 362/463/362 347/436/347
f 537/438/537 506/464/506 538/465/538
f 347/436/347 363/466/363 348/439/348
f 341/441/341 355/467/355 356/468/356
f 349/442/349 363/466/363 364/469/364
f 341/441/341 357/470/357 342/443/342
f 349/442/349 365/453/365 350/444/350
f 343/445/343 357/470/357 358/471/358
f 538/472/538 507/473/507 539/474/539
f 362/475/362 378/476/378 363/477/363
f 356/478/356 370/479/370 371/480/371
f 364/481/364 378/476/378 379/482/379
f 356/478/356 372/483/372 357/484/357
f 364/481/364 380/485/380 365/486/365
f 358/487/358 372/483/372 373/488/373
f 366/489/366 380/485/380 381/490/381
f 358/487/358 374/491/374 359/492/359
f 366/489/366 382/493/382 367/494/367
f 360/495/360 374/491/374 375/496/375
f 367/494/367 383/497/383 368/498/368
f 361/499/361 375/496/375 376/500/376
f 354/501/354 1/502/1 369/503/369
f 8/504/8 368/498/368 383/497/383
f 361/499/361 377/505/377 362/475/362
f 373/488/373 389/506/389 374/491/374
f 381/490/381 397/507/397 382/493/382
f 375/496/375 389/506/389 390/508/390
f 382/493/382 398/509/398 383/497/383
f 376/500/376 390/508/390 391/510/391
f 369/503/369 1/511/1 384/512/384
f 8/513/8 383/497/383 398/509/398
f 376/500/376 392/514/392 377/505/377
f 539/474/539 508/515/508 540/516/540
f 377/505/377 393/517/393 378/476/378
f 371/480/371 385/518/385 386/519/386
f 379/482/379 393/517/393 394/520/394
f 371/480/371 387/521/387 372/483/372
f 379/482/379 395/522/395 380/485/380
f 373/488/373 387/521/387 388/523/388
f 381/490/381 395/522/395 396/524/396
f 392/514/392 408/525/408 393/517/393
f 386/519/386 400/526/400 401/527/401
f 394/520/394 408/525/408 409/528/409
f 386/519/386 402/529/402 387/521/387
f 394/520/394 410/530/410 395/522/395
f 388/523/388 402/529/402 403/531/403
f 396/524/396 410/530/410 411/532/411
f 388/523/388 404/533/404 389/506/389
f 397/507/397 411/532/411 412/534/412
f 390/508/390 404/533/404 405/535/405
f 397/507/397 413/536/413 398/509/398
f 391/510/391 405/535/405 406/537/406
f 384/512/384 1/538/1 399/539/399
f 8/540/8 398/509/398 413/536/413
f 391/510/391 407/541/407 392/514/392
f 540/516/540 509/542/509 541/543/541
f 411/532/411 427/544/427 412/534/412
f 405/535/405 419/545/419 420/546/420
f 412/534/412 428/547/428 413/536/413
f 406/537/406 420/546/420 421/548/421
f 399/539/399 1/549/1 414/550/414
f 8/551/8 413/536/413 428/547/428
f 406/537/406 422/552/422 407/541/407
f 541/543/541 510/553/510 542/554/542
f 407/541/407 423/555/423 408/525/408
f 400/526/400 416/556/416 401/527/401
f 409/528/409 423/555/423 424/557/424
f 401/527/401 417/558/417 402/529/402
f 409/528/409 425/559/425 410/530/410
f 403/531/403 417/558/417 418/560/418
f 411/532/411 425/559/425 426/561/426
f 403/531/403 419/545/419 404/533/404
f 415/562/415 431/563/431 416/556/416
f 424/557/424 438/564/438 439/565/439
f 416/556/416 432/566/432 417/558/417
f 424/557/424 440/567/440 425/559/425
f 418/560/418 432/566/432 433/568/433
f 426/561/426 440/567/440 441/569/441
f 418/560/418 434/570/434 419/545/419
f 426/561/426 442/571/442 427/544/427
f 420/546/420 434/570/434 435/572/435
f 427/544/427 443/573/443 428/547/428
f 421/548/421 435/572/435 436/574/436
f 414/550/414 1/575/1 429/576/429
f 8/577/8 428/547/428 443/573/443
f 421/548/421 437/578/437 422/552/422
f 542/554/542 511/579/511 543/580/543
f 422/552/422 438/564/438 423/555/423
f 435/572/435 449/581/449 450/582/450
f 442/571/442 458/583/458 443/573/443
f 436/574/436 450/582/450 451/584/451
f 429/576/429 1/585/1 444/586/444
f 8/587/8 443/573/443 458/583/458
f 436/574/436 452/588/452 437/578/437
f 543/580/543 512/589/512 544/590/544
f 437/578/437 453/591/453 438/564/438
f 430/592/430 446/593/446 431/563/431
f 439/565/439 453/591/453 454/594/454
f 431/563/431 447/595/447 432/566/432
f 439/565/439 455/596/455 440/567/440
f 433/568/433 447/595/447 448/597/448
f 441/569/441 455/596/455 456/598/456
f 433/568/433 449/581/449 434/570/434
f 441/569/441 457/599/457 442/571/442
f 454/594/454 468/600/468 469/601/469
f 446/593/446 462/602/462 447/595/447
f 454/594/454 470/603/470 455/596/455
f 448/597/448 462/602/462 463/604/463
f 456/598/456 470/603/470 471/605/471
f 448/597/448 464/606/464 449/581/449
f 456/598/456 472/607/472 457/599/457
f 450/582/450 464/606/464 465/608/465
f 458/583/458 472/607/472 473/609/473
f 451/584/451 465/608/465 466/610/466
f 444/586/444 1/611/1 459/612/459
f 8/613/8 458/583/458 473/609/473
f 451/584/451 467/614/467 452/588/452
f 544/590/544 513/615/513 545/616/545
f 452/588/452 468/600/468 453/591/453
f 445/617/445 461/618/461 446/593/446
f 472/607/472 482/3/482 473/609/473
f 466/610/466 4/4/4 5/6/5
f 459/612/459 1/619/1 474/7/474
f 8/620/8 473/609/473 482/3/482
f 466/610/466 6/12/6 467/614/467
f 545/616/545 514/13/514 546/15/546
f 467/614/467 478/17/478 468/600/468
f 460/621/460 2/20/2 461/618/461
f 468/600/468 7/22/7 469/601/469
f 462/602/462 2/20/2 476/23/476
f 469/601/469 479/26/479 470/603/470
f 463/604/463 476/23/476 3/27/3
f 471/605/471 479/26/479 480/30/480
f 464/606/464 3/27/3 477/31/477
f 471/605/471 481/1/481 472/607/472
f 465/608/465 477/31/477 4/4/4
f 9/9/9 483/71/483 484/45/484
f 39/68/39 483/71/483 24/42/24
f 54/79/54 485/82/485 39/68/39
f 69/104/69 486/107/486 54/79/54
f 84/116/84 487/119/487 69/104/69
f 99/140/99 488/143/488 84/116/84
f 114/152/114 489/156/489 99/140/99
f 129/178/129 490/181/490 114/152/114
f 144/188/144 491/192/491 129/178/129
f 159/216/159 492/219/492 144/188/144
f 174/242/174 493/226/493 159/216/159
f 189/252/189 494/255/494 174/242/174
f 204/277/204 495/280/495 189/252/189
f 219/288/219 496/291/496 204/277/204
f 234/315/234 497/318/497 219/288/219
f 234/315/234 499/328/499 498/622/498
f 249/325/249 500/354/500 499/328/499
f 264/351/264 501/366/501 500/354/500
f 279/363/279 502/390/502 501/366/501
f 294/387/294 503/403/503 502/390/502
f 309/399/309 504/427/504 503/403/503
f 324/424/324 505/437/505 504/427/504
f 339/452/339 506/464/506 505/437/505
f 354/501/354 507/473/507 506/623/506
f 369/503/369 508/515/508 507/473/507
f 384/512/384 509/542/509 508/515/508
f 399/539/399 510/553/510 509/542/509
f 414/550/414 511/579/511 510/553/510
f 429/576/429 512/589/512 511/579/511
f 459/612/459 512/589/512 444/586/444
f 474/7/474 513/615/513 459/612/459
f 474/7/474 484/45/484 514/13/514
f 460/621/460 546/15/546 475/18/475
f 445/617/445 545/616/545 460/621/460
f 430/592/430 544/590/544 445/617/445
f 415/562/415 543/580/543 430/592/430
f 400/526/400 542/554/542 415/562/415
f 540/516/540 400/526/400 385/518/385
f 539/474/539 385/518/385 370/479/370
f 538/472/538 370/479/370 355/624/355
f 537/438/537 355/467/355 340/440/340
f 536/428/536 340/440/340 325/430/325
f 535/404/535 325/430/325 310/406/310
f 534/391/534 310/406/310 295/393/295
f 533/367/533 295/393/295 280/369/280
f 532/355/532 280/369/280 265/356/265
f 531/329/531 265/356/265 250/331/250
f 530/319/530 250/331/250 235/301/235
f 529/292/529 235/301/235 220/294/220
f 528/281/528 220/294/220 205/264/205
f 527/256/527 205/264/205 190/258/190
f 526/227/526 190/258/190 175/229/175
f 525/220/525 175/229/175 160/625/160
f 145/222/145 525/220/525 160/625/160
f 130/195/130 524/193/524 145/222/145
f 115/184/115 523/182/523 130/195/130
f 100/159/100 522/157/522 115/184/115
f 85/146/85 521/144/521 100/159/100
f 70/122/70 520/120/520 85/146/85
f 55/109/55 519/108/519 70/122/70
f 40/85/40 518/83/518 55/109/55
f 25/55/25 517/72/517 40/85/40
f 10/48/10 516/46/516 25/55/25
f 475/18/475 515/14/515 10/48/10
f 481/1/481 22/33/22 23/2/23
f 4/4/4 15/34/15 16/5/16
f 5/6/5 16/5/16 17/11/17
f 514/13/514 484/45/484 515/14/515
f 6/12/6 17/11/17 18/16/18
f 475/18/475 10/48/10 11/19/11
f 478/17/478 18/16/18 19/21/19
f 476/23/476 2/20/2 11/19/11
f 7/22/7 19/21/19 20/25/20
f 3/27/3 476/23/476 12/24/12
f 479/26/479 20/25/20 21/29/21
f 477/31/477 3/27/3 13/28/13
f 480/30/480 21/29/21 22/33/22
f 4/4/4 477/31/477 14/32/14
f 13/28/13 28/53/28 29/35/29
f 22/33/22 21/29/21 36/36/36
f 15/34/15 14/32/14 29/35/29
f 22/33/22 37/37/37 38/39/38
f 15/34/15 30/38/30 31/40/31
f 16/5/16 31/40/31 32/44/32
f 484/45/484 483/71/483 516/46/516
f 17/11/17 32/44/32 33/47/33
f 10/48/10 25/55/25 26/49/26
f 18/16/18 33/47/33 34/50/34
f 11/19/11 26/49/26 27/51/27
f 19/21/19 34/50/34 35/52/35
f 12/24/12 27/51/27 28/53/28
f 21/29/21 20/25/20 35/52/35
f 32/44/32 47/70/47 48/54/48
f 25/55/25 40/85/40 41/56/41
f 34/50/34 33/47/33 48/54/48
f 26/49/26 41/56/41 42/58/42
f 35/52/35 34/50/34 49/57/49
f 27/51/27 42/58/42 43/60/43
f 36/36/36 35/52/35 50/59/50
f 28/53/28 43/60/43 44/62/44
f 36/36/36 51/61/51 52/63/52
f 29/35/29 44/62/44 45/64/45
f 37/37/37 52/63/52 53/65/53
f 30/38/30 45/64/45 46/66/46
f 32/44/32 31/40/31 46/66/46
f 483/71/483 485/82/485 517/72/517
f 51/61/51 66/91/66 67/73/67
f 45/64/45 44/62/44 59/74/59
f 52/63/52 67/73/67 68/76/68
f 46/66/46 45/64/45 60/75/60
f 46/66/46 61/77/61 62/81/62
f 485/82/485 486/107/486 518/83/518
f 47/70/47 62/81/62 63/84/63
f 40/85/40 55/109/55 56/86/56
f 49/57/49 48/54/48 63/84/63
f 41/56/41 56/86/56 57/88/57
f 49/57/49 64/87/64 65/89/65
f 42/58/42 57/88/57 58/90/58
f 50/59/50 65/89/65 66/91/66
f 43/60/43 58/90/58 59/74/59
f 64/87/64 63/84/63 78/92/78
f 56/86/56 71/110/71 72/94/72
f 64/87/64 79/93/79 80/95/80
f 58/90/58 57/88/57 72/94/72
f 65/89/65 80/95/80 81/97/81
f 58/90/58 73/96/73 74/98/74
f 67/73/67 66/91/66 81/97/81
f 60/75/60 59/74/59 74/98/74
f 67/73/67 82/99/82 83/101/83
f 61/77/61 60/75/60 75/100/75
f 61/77/61 76/102/76 77/106/77
f 486/107/486 487/119/487 519/108/519
f 62/81/62 77/106/77 78/92/78
f 55/109/55 70/122/70 71/110/71
f 83/101/83 82/99/82 97/111/97
f 76/102/76 75/100/75 90/113/90
f 76/102/76 91/114/91 92/118/92
f 487/119/487 488/143/488 520/120/520
f 77/106/77 92/118/92 93/121/93
f 70/122/70 85/146/85 86/123/86
f 79/93/79 78/92/78 93/121/93
f 71/110/71 86/123/86 87/125/87
f 79/93/79 94/124/94 95/126/95
f 73/96/73 72/94/72 87/125/87
f 80/95/80 95/126/95 96/128/96
f 73/96/73 88/127/88 89/129/89
f 81/97/81 96/128/96 97/111/97
f 75/100/75 74/98/74 89/129/89
f 86/123/86 101/147/101 102/130/102
f 94/124/94 109/148/109 110/131/110
f 88/127/88 87/125/87 102/130/102
f 96/128/96 95/126/95 110/131/110
f 88/127/88 103/132/103 104/134/104
f 97/111/97 96/128/96 111/133/111
f 90/113/90 89/129/89 104/134/104
f 97/111/97 112/135/112 113/137/113
f 91/114/91 90/113/90 105/136/105
f 91/114/91 106/138/106 107/142/107
f 488/143/488 489/156/489 521/144/521
f 92/118/92 107/142/107 108/145/108
f 85/146/85 100/159/100 101/147/101
f 94/124/94 93/121/93 108/145/108
f 106/138/106 105/136/105 120/149/120
f 106/138/106 121/150/121 122/155/122
f 489/156/489 490/181/490 522/157/522
f 107/142/107 122/155/122 123/158/123
f 100/159/100 115/184/115 116/160/116
f 109/148/109 108/145/108 123/158/123
f 101/147/101 116/160/116 117/162/117
f 109/148/109 124/161/124 125/163/125
f 103/132/103 102/130/102 117/162/117
f 111/133/111 110/131/110 125/163/125
f 103/132/103 118/164/118 119/166/119
f 111/133/111 126/165/126 127/167/127
f 105/136/105 104/134/104 119/166/119
f 112/135/112 127/167/127 128/154/128
f 124/161/124 139/186/139 140/168/140
f 118/164/118 117/162/117 132/169/132
f 126/165/126 125/163/125 140/168/140
f 118/164/118 133/170/133 134/172/134
f 126/165/126 141/171/141 142/173/142
f 120/149/120 119/166/119 134/172/134
f 127/167/127 142/173/142 143/175/143
f 121/150/121 120/149/120 135/174/135
f 121/150/121 136/176/136 137/180/137
f 490/181/490 491/192/491 523/182/523
f 122/155/122 137/180/137 138/183/138
f 115/184/115 130/195/130 131/185/131
f 124/161/124 123/158/123 138/183/138
f 116/160/116 131/185/131 132/169/132
f 136/176/136 151/205/151 152/191/152
f 491/192/491 492/219/492 524/193/524
f 137/180/137 152/191/152 153/194/153
f 130/195/130 145/222/145 146/196/146
f 139/186/139 138/183/138 153/194/153
f 131/185/131 146/196/146 147/198/147
f 139/186/139 154/197/154 155/199/155
f 133/170/133 132/169/132 147/198/147
f 141/171/141 140/168/140 155/199/155
f 133/170/133 148/200/148 149/202/149
f 141/171/141 156/201/156 157/203/157
f 135/174/135 134/172/134 149/202/149
f 143/175/143 142/173/142 157/203/157
f 136/176/136 135/174/135 150/204/150
f 148/200/148 147/198/147 162/206/162
f 156/201/156 155/199/155 170/208/170
f 148/200/148 163/207/163 164/210/164
f 156/201/156 171/209/171 172/211/172
f 150/204/150 149/202/149 164/210/164
f 157/203/157 172/211/172 173/213/173
f 151/205/151 150/204/150 165/212/165
f 151/205/151 166/214/166 167/218/167
f 492/219/492 493/226/493 525/220/525
f 152/191/152 167/218/167 168/221/168
f 145/222/145 160/625/160 161/223/161
f 154/197/154 153/194/153 168/221/168
f 146/196/146 161/223/161 162/206/162
f 154/197/154 169/224/169 170/208/170
f 166/214/166 181/240/181 182/225/182
f 493/226/493 494/255/494 526/227/526
f 167/218/167 182/225/182 183/228/183
f 161/223/161 160/625/160 175/229/175
f 169/224/169 168/221/168 183/228/183
f 161/223/161 176/230/176 177/232/177
f 169/224/169 184/231/184 185/233/185
f 163/207/163 162/206/162 177/232/177
f 170/208/170 185/233/185 186/235/186
f 163/207/163 178/234/178 179/236/179
f 172/211/172 171/209/171 186/235/186
f 165/212/165 164/210/164 179/236/179
f 173/213/173 172/211/172 187/237/187
f 166/214/166 165/212/165 180/238/180
f 186/235/186 185/233/185 200/244/200
f 178/234/178 193/262/193 194/246/194
f 186/235/186 201/245/201 202/247/202
f 180/238/180 179/236/179 194/246/194
f 187/237/187 202/247/202 203/249/203
f 181/240/181 180/238/180 195/248/195
f 181/240/181 196/250/196 197/254/197
f 494/255/494 495/280/495 527/256/527
f 182/225/182 197/254/197 198/257/198
f 176/230/176 175/229/175 190/258/190
f 184/231/184 183/228/183 198/257/198
f 176/230/176 191/259/191 192/261/192
f 184/231/184 199/260/199 200/244/200
f 178/234/178 177/232/177 192/261/192
f 197/254/197 212/279/212 213/263/213
f 191/259/191 190/258/190 205/264/205
f 199/260/199 198/257/198 213/263/213
f 191/259/191 206/265/206 207/267/207
f 199/260/199 214/266/214 215/268/215
f 193/262/193 192/261/192 207/267/207
f 201/245/201 200/244/200 215/268/215
f 193/262/193 208/269/208 209/271/209
f 201/245/201 216/270/216 217/272/217
f 195/248/195 194/246/194 209/271/209
f 202/247/202 217/272/217 218/274/218
f 196/250/196 195/248/195 210/273/210
f 196/250/196 211/275/211 212/279/212
f 495/280/495 496/291/496 528/281/528
f 216/270/216 231/300/231 232/282/232
f 210/273/210 209/271/209 224/283/224
f 217/272/217 232/282/232 233/285/233
f 211/275/211 210/273/210 225/284/225
f 211/275/211 226/286/226 227/290/227
f 496/291/496 497/318/497 529/292/529
f 212/279/212 227/290/227 228/293/228
f 206/265/206 205/264/205 220/294/220
f 214/266/214 213/263/213 228/293/228
f 206/265/206 221/295/221 222/297/222
f 214/266/214 229/296/229 230/298/230
f 208/269/208 207/267/207 222/297/222
f 216/270/216 215/268/215 230/298/230
f 208/269/208 223/299/223 224/283/224
f 221/295/221 220/294/220 235/301/235
f 229/296/229 228/293/228 243/303/243
f 221/295/221 236/302/236 237/305/237
f 229/296/229 244/304/244 245/306/245
f 223/299/223 222/297/222 237/305/237
f 231/300/231 230/298/230 245/306/245
f 223/299/223 238/307/238 239/309/239
f 231/300/231 246/308/246 247/310/247
f 225/284/225 224/283/224 239/309/239
f 233/285/233 232/282/232 247/310/247
f 226/286/226 225/284/225 240/311/240
f 226/286/226 241/313/241 242/317/242
f 497/318/497 498/622/498 530/319/530
f 227/290/227 242/317/242 243/303/243
f 240/311/240 239/309/239 254/320/254
f 247/310/247 262/338/262 263/322/263
f 241/313/241 240/311/240 255/321/255
f 241/313/241 256/323/256 257/327/257
f 530/319/530 498/622/498 499/328/499
f 242/317/242 257/327/257 258/330/258
f 236/302/236 235/301/235 250/331/250
f 244/304/244 243/303/243 258/330/258
f 236/302/236 251/332/251 252/334/252
f 244/304/244 259/333/259 260/335/260
f 238/307/238 237/305/237 252/334/252
f 246/308/246 245/306/245 260/335/260
f 238/307/238 253/336/253 254/320/254
f 246/308/246 261/337/261 262/338/262
f 259/333/259 258/330/258 273/339/273
f 251/332/251 266/357/266 267/341/267
f 259/333/259 274/340/274 275/342/275
f 253/336/253 252/334/252 267/341/267
f 261/337/261 260/335/260 275/342/275
f 253/336/253 268/343/268 269/345/269
f 261/337/261 276/344/276 277/346/277
f 255/321/255 254/320/254 269/345/269
f 262/338/262 277/346/277 278/348/278
f 256/323/256 255/321/255 270/347/270
f 256/323/256 271/349/271 272/353/272
f 531/329/531 499/328/499 500/354/500
f 257/327/257 272/353/272 273/339/273
f 251/332/251 250/331/250 265/356/265
f 278/348/278 277/346/277 292/358/292
f 271/349/271 270/347/270 285/360/285
f 271/349/271 286/361/286 287/365/287
f 532/355/532 500/354/500 501/366/501
f 272/353/272 287/365/287 288/368/288
f 266/357/266 265/356/265 280/369/280
f 274/340/274 273/339/273 288/368/288
f 266/357/266 281/370/281 282/372/282
f 274/340/274 289/371/289 290/373/290
f 268/343/268 267/341/267 282/372/282
f 276/344/276 275/342/275 290/373/290
f 268/343/268 283/374/283 284/376/284
f 276/344/276 291/375/291 292/358/292
f 270/347/270 269/345/269 284/376/284
f 281/370/281 296/394/296 297/377/297
f 289/371/289 304/395/304 305/378/305
f 283/374/283 282/372/282 297/377/297
f 291/375/291 290/373/290 305/378/305
f 283/374/283 298/379/298 299/381/299
f 291/375/291 306/380/306 307/382/307
f 285/360/285 284/376/284 299/381/299
f 293/359/293 292/358/292 307/382/307
f 286/361/286 285/360/285 300/383/300
f 286/361/286 301/385/301 302/389/302
f 533/367/533 501/366/501 502/390/502
f 287/365/287 302/389/302 303/392/303
f 281/370/281 280/369/280 295/393/295
f 289/371/289 288/368/288 303/392/303
f 301/385/301 300/383/300 315/396/315
f 301/385/301 316/397/316 317/402/317
f 534/391/534 502/390/502 503/403/503
f 302/389/302 317/402/317 318/405/318
f 296/394/296 295/393/295 310/406/310
f 304/395/304 303/392/303 318/405/318
f 296/394/296 311/407/311 312/409/312
f 304/395/304 319/408/319 320/410/320
f 298/379/298 297/377/297 312/409/312
f 306/380/306 305/378/305 320/410/320
f 298/379/298 313/411/313 314/413/314
f 306/380/306 321/412/321 322/414/322
f 300/383/300 299/381/299 314/413/314
f 307/382/307 322/414/322 323/401/323
f 319/408/319 334/432/334 335/415/335
f 312/409/312 327/433/327 328/416/328
f 321/412/321 320/410/320 335/415/335
f 313/411/313 328/416/328 329/418/329
f 321/412/321 336/417/336 337/419/337
f 315/396/315 314/413/314 329/418/329
f 322/414/322 337/419/337 338/421/338
f 316/397/316 315/396/315 330/420/330
f 316/397/316 331/422/331 332/426/332
f 535/404/535 503/403/503 504/427/504
f 317/402/317 332/426/332 333/429/333
f 311/407/311 310/406/310 325/430/325
f 319/408/319 318/405/318 333/429/333
f 311/407/311 326/431/326 327/433/327
f 331/422/331 346/450/346 347/436/347
f 536/428/536 504/427/504 505/437/505
f 332/426/332 347/436/347 348/439/348
f 326/431/326 325/430/325 340/440/340
f 334/432/334 333/429/333 348/439/348
f 326/431/326 341/441/341 342/443/342
f 334/432/334 349/442/349 350/444/350
f 328/416/328 327/433/327 342/443/342
f 336/417/336 335/415/335 350/444/350
f 328/416/328 343/445/343 344/447/344
f 336/417/336 351/446/351 352/448/352
f 330/420/330 329/418/329 344/447/344
f 337/419/337 352/448/352 353/435/353
f 331/422/331 330/420/330 345/449/345
f 351/446/351 350/444/350 365/453/365
f 343/445/343 358/471/358 359/455/359
f 351/446/351 366/454/366 367/456/367
f 345/449/345 344/447/344 359/455/359
f 352/448/352 367/456/367 368/458/368
f 346/450/346 345/449/345 360/457/360
f 346/450/346 361/459/361 362/463/362
f 537/438/537 505/437/505 506/464/506
f 347/436/347 362/463/362 363/466/363
f 341/441/341 340/440/340 355/467/355
f 349/442/349 348/439/348 363/466/363
f 341/441/341 356/468/356 357/470/357
f 349/442/349 364/469/364 365/453/365
f 343/445/343 342/443/342 357/470/357
f 538/472/538 506/623/506 507/473/507
f 362/475/362 377/505/377 378/476/378
f 356/478/356 355/624/355 370/479/370
f 364/481/364 363/477/363 378/476/378
f 356/478/356 371/480/371 372/483/372
f 364/481/364 379/482/379 380/485/380
f 358/487/358 357/484/357 372/483/372
f 366/489/366 365/486/365 380/485/380
f 358/487/358 373/488/373 374/491/374
f 366/489/366 381/490/381 382/493/382
f 360/495/360 359/492/359 374/491/374
f 367/494/367 382/493/382 383/497/383
f 361/499/361 360/495/360 375/496/375
f 361/499/361 376/500/376 377/505/377
f 373/488/373 388/523/388 389/506/389
f 381/490/381 396/524/396 397/507/397
f 375/496/375 374/491/374 389/506/389
f 382/493/382 397/507/397 398/509/398
f 376/500/376 375/496/375 390/508/390
f 376/500/376 391/510/391 392/514/392
f 539/474/539 507/473/507 508/515/508
f 377/505/377 392/514/392 393/517/393
f 371/480/371 370/479/370 385/518/385
f 379/482/379 378/476/378 393/517/393
f 371/480/371 386/519/386 387/521/387
f 379/482/379 394/520/394 395/522/395
f 373/488/373 372/483/372 387/521/387
f 381/490/381 380/485/380 395/522/395
f 392/514/392 407/541/407 408/525/408
f 386/519/386 385/518/385 400/526/400
f 394/520/394 393/517/393 408/525/408
f 386/519/386 401/527/401 402/529/402
f 394/520/394 409/528/409 410/530/410
f 388/523/388 387/521/387 402/529/402
f 396/524/396 395/522/395 410/530/410
f 388/523/388 403/531/403 404/533/404
f 397/507/397 396/524/396 411/532/411
f 390/508/390 389/506/389 404/533/404
f 397/507/397 412/534/412 413/536/413
f 391/510/391 390/508/390 405/535/405
f 391/510/391 406/537/406 407/541/407
f 540/516/540 508/515/508 509/542/509
f 411/532/411 426/561/426 427/544/427
f 405/535/405 404/533/404 419/545/419
f 412/534/412 427/544/427 428/547/428
f 406/537/406 405/535/405 420/546/420
f 406/537/406 421/548/421 422/552/422
f 541/543/541 509/542/509 510/553/510
f 407/541/407 422/552/422 423/555/423
f 400/526/400 415/562/415 416/556/416
f 409/528/409 408/525/408 423/555/423
f 401/527/401 416/556/416 417/558/417
f 409/528/409 424/557/424 425/559/425
f 403/531/403 402/529/402 417/558/417
f 411/532/411 410/530/410 425/559/425
f 403/531/403 418/560/418 419/545/419
f 415/562/415 430/592/430 431/563/431
f 424/557/424 423/555/423 438/564/438
f 416/556/416 431/563/431 432/566/432
f 424/557/424 439/565/439 440/567/440
f 418/560/418 417/558/417 432/566/432
f 426/561/426 425/559/425 440/567/440
f 418/560/418 433/568/433 434/570/434
f 426/561/426 441/569/441 442/571/442
f 420/546/420 419/545/419 434/570/434
f 427/544/427 442/571/442 443/573/443
f 421/548/421 420/546/420 435/572/435
f 421/548/421 436/574/436 437/578/437
f 542/554/542 510/553/510 511/579/511
f 422/552/422 437/578/437 438/564/438
f 435/572/435 434/570/434 449/581/449
f 442/571/442 457/599/457 458/583/458
f 436/574/436 435/572/435 450/582/450
f 436/574/436 451/584/451 452/588/452
f 543/580/543 511/579/511 512/589/512
f 437/578/437 452/588/452 453/591/453
f 430/592/430 445/617/445 446/593/446
f 439/565/439 438/564/438 453/591/453
f 431/563/431 446/593/446 447/595/447
f 439/565/439 454/594/454 455/596/455
f 433/568/433 432/566/432 447/595/447
f 441/569/441 440/567/440 455/596/455
f 433/568/433 448/597/448 449/581/449
f 441/569/441 456/598/456 457/599/457
f 454/594/454 453/591/453 468/600/468
f 446/593/446 461/618/461 462/602/462
f 454/594/454 469/601/469 470/603/470
f 448/597/448 447/595/447 462/602/462
f 456/598/456 455/596/455 470/603/470
f 448/597/448 463/604/463 464/606/464
f 456/598/456 471/605/471 472/607/472
f 450/582/450 449/581/449 464/606/464
f 458/583/458 457/599/457 472/607/472
f 451/584/451 450/582/450 465/608/465
f 451/584/451 466/610/466 467/614/467
f 544/590/544 512/589/512 513/615/513
f 452/588/452 467/614/467 468/600/468
f 445/617/445 460/621/460 461/618/461
f 472/607/472 481/1/481 482/3/482
f 466/610/466 465/608/465 4/4/4
f 466/610/466 5/6/5 6/12/6
f 545/616/545 513/615/513 514/13/514
f 467/614/467 6/12/6 478/17/478
f 460/621/460 475/18/475 2/20/2
f 468/600/468 478/17/478 7/22/7
f 462/602/462 461/618/461 2/20/2
f 469/601/469 7/22/7 479/26/479
f 463/604/463 462/602/462 476/23/476
f 471/605/471 470/603/470 479/26/479
f 464/606/464 463/604/463 3/27/3
f 471/605/471 480/30/480 481/1/481
f 465/608/465 464/606/464 477/31/477
f 9/9/9 24/42/24 483/71/483
f 39/68/39 485/82/485 483/71/483
f 54/79/54 486/107/486 485/82/485
f 69/104/69 487/119/487 486/107/486
f 84/116/84 488/143/488 487/119/487
f 99/140/99 489/156/489 488/143/488
f 114/152/114 490/181/490 489/156/489
f 129/178/129 491/192/491 490/181/490
f 144/188/144 492/219/492 491/192/491
f 159/216/159 493/226/493 492/219/492
f 174/242/174 494/255/494 493/226/493
f 189/252/189 495/280/495 494/255/494
f 204/277/204 496/291/496 495/280/495
f 219/288/219 497/318/497 496/291/496
f 234/315/234 498/622/498 497/318/497
f 234/315/234 249/325/249 499/328/499
f 249/325/249 264/351/264 500/354/500
f 264/351/264 279/363/279 501/366/501
f 279/363/279 294/387/294 502/390/502
f 294/387/294 309/399/309 503/403/503
f 309/399/309 324/424/324 504/427/504
f 324/424/324 339/452/339 505/437/505
f 339/452/339 354/461/354 506/464/506
f 354/501/354 369/503/369 507/473/507
f 369/503/369 384/512/384 508/515/508
f 384/512/384 399/539/399 509/542/509
f 399/539/399 414/550/414 510/553/510
f 414/550/414 429/576/429 511/579/511
f 429/576/429 444/586/444 512/589/512
f 459/612/459 513/615/513 512/589/512
f 474/7/474 514/13/514 513/615/513
f 474/7/474 9/9/9 484/45/484
f 460/621/460 545/616/545 546/15/546
f 445/617/445 544/590/544 545/616/545
f 430/592/430 543/580/543 544/590/544
f 415/562/415 542/554/542 543/580/543
f 400/526/400 541/543/541 542/554/542
f 540/516/540 541/543/541 400/526/400
f 539/474/539 540/516/540 385/518/385
f 538/472/538 539/474/539 370/479/370
f 537/438/537 538/465/538 355/467/355
f 536/428/536 537/438/537 340/440/340
f 535/404/535 536/428/536 325/430/325
f 534/391/534 535/404/535 310/406/310
f 533/367/533 534/391/534 295/393/295
f 532/355/532 533/367/533 280/369/280
f 531/329/531 532/355/532 265/356/265
f 530/319/530 531/329/531 250/331/250
f 529/292/529 530/319/530 235/301/235
f 528/281/528 529/292/529 220/294/220
f 527/256/527 528/281/528 205/264/205
f 526/227/526 527/256/527 190/258/190
f 525/220/525 526/227/526 175/229/175
f 145/222/145 524/193/524 525/220/525
f 130/195/130 523/182/523 524/193/524
f 115/184/115 522/157/522 523/182/523
f 100/159/100 521/144/521 522/157/522
f 85/146/85 520/120/520 521/144/521
f 70/122/70 519/108/519 520/120/520
f 55/109/55 518/83/518 519/108/519
f 40/85/40 517/72/517 518/83/518
f 25/55/25 516/46/516 517/72/517
f 10/48/10 515/14/515 516/46/516
f 475/18/475 546/15/546 515/14/515
