# Blender 5.1.0
# www.blender.org
mtllib kinger_LeftEye.mtl
o Sphere.001
v 0.000000 0.799761 0.000001
v 0.000000 0.831470 -0.555570
v 0.000000 0.555570 -0.831470
v 0.000000 0.195090 -0.980785
v 0.000000 0.000000 -1.000000
v 0.000000 -0.195090 -0.980785
v 0.000000 -0.555570 -0.831470
v 0.000000 -1.000000 0.000000
v 0.018303 0.805735 -0.096107
v 0.074658 0.923880 -0.375330
v 0.108386 0.831470 -0.544895
v 0.137950 0.707107 -0.693520
v 0.162212 0.555570 -0.815493
v 0.180240 0.382683 -0.906127
v 0.191342 0.195090 -0.961940
v 0.195090 0.000000 -0.980785
v 0.191342 -0.195090 -0.961940
v 0.180240 -0.382683 -0.906127
v 0.162212 -0.555570 -0.815493
v 0.137950 -0.707107 -0.693520
v 0.108386 -0.831470 -0.544895
v 0.074658 -0.923880 -0.375330
v 0.038060 -0.980785 -0.191342
v 0.035903 0.805735 -0.090531
v 0.146447 0.923880 -0.353553
v 0.212608 0.831470 -0.513280
v 0.270598 0.707107 -0.653281
v 0.318190 0.555570 -0.768178
v 0.353553 0.382683 -0.853553
v 0.375330 0.195090 -0.906127
v 0.382683 0.000000 -0.923879
v 0.375330 -0.195090 -0.906127
v 0.353553 -0.382683 -0.853553
v 0.318190 -0.555570 -0.768178
v 0.270598 -0.707107 -0.653281
v 0.212608 -0.831470 -0.513280
v 0.146447 -0.923880 -0.353553
v 0.074658 -0.980785 -0.180240
v 0.052123 0.805735 -0.081476
v 0.212608 0.923880 -0.318190
v 0.308658 0.831470 -0.461940
v 0.392847 0.707107 -0.587938
v 0.461940 0.555570 -0.691342
v 0.513280 0.382683 -0.768178
v 0.544895 0.195090 -0.815493
v 0.555570 0.000000 -0.831469
v 0.544895 -0.195090 -0.815493
v 0.513280 -0.382683 -0.768178
v 0.461940 -0.555570 -0.691342
v 0.392847 -0.707107 -0.587938
v 0.308658 -0.831470 -0.461940
v 0.212608 -0.923880 -0.318190
v 0.108386 -0.980785 -0.162212
v 0.066340 0.805735 -0.069289
v 0.270598 0.923880 -0.270598
v 0.392847 0.831470 -0.392847
v 0.500000 0.707107 -0.500000
v 0.587938 0.555570 -0.587938
v 0.653281 0.382683 -0.653281
v 0.693520 0.195090 -0.693520
v 0.707107 0.000000 -0.707107
v 0.693520 -0.195090 -0.693520
v 0.653281 -0.382683 -0.653281
v 0.587938 -0.555570 -0.587938
v 0.500000 -0.707107 -0.500000
v 0.392847 -0.831470 -0.392847
v 0.270598 -0.923880 -0.270598
v 0.137950 -0.980785 -0.137950
v 0.078008 0.805735 -0.054440
v 0.318190 0.923880 -0.212608
v 0.461940 0.831470 -0.308658
v 0.587938 0.707107 -0.392847
v 0.691342 0.555570 -0.461940
v 0.768178 0.382683 -0.513280
v 0.815493 0.195090 -0.544895
v 0.831470 0.000000 -0.555570
v 0.815493 -0.195090 -0.544895
v 0.768178 -0.382683 -0.513280
v 0.691342 -0.555570 -0.461940
v 0.587938 -0.707107 -0.392847
v 0.461940 -0.831470 -0.308658
v 0.318190 -0.923880 -0.212608
v 0.162212 -0.980785 -0.108386
v 0.086678 0.805735 -0.037499
v 0.353553 0.923880 -0.146447
v 0.513280 0.831470 -0.212607
v 0.653281 0.707107 -0.270598
v 0.768178 0.555570 -0.318190
v 0.853553 0.382683 -0.353553
v 0.906127 0.195090 -0.375330
v 0.923879 0.000000 -0.382683
v 0.906127 -0.195090 -0.375330
v 0.853553 -0.382683 -0.353553
v 0.768178 -0.555570 -0.318190
v 0.653281 -0.707107 -0.270598
v 0.513280 -0.831470 -0.212607
v 0.353553 -0.923880 -0.146447
v 0.180240 -0.980785 -0.074658
v 0.092017 0.805735 -0.019116
v 0.375330 0.923880 -0.074658
v 0.544895 0.831470 -0.108386
v 0.693520 0.707107 -0.137950
v 0.815493 0.555570 -0.162212
v 0.906127 0.382683 -0.180240
v 0.961940 0.195090 -0.191342
v 0.980785 0.000000 -0.195090
v 0.961940 -0.195090 -0.191342
v 0.906127 -0.382683 -0.180240
v 0.815493 -0.555570 -0.162212
v 0.693520 -0.707107 -0.137950
v 0.544895 -0.831470 -0.108386
v 0.375330 -0.923880 -0.074658
v 0.191342 -0.980785 -0.038060
v 0.093820 0.805735 0.000001
v 0.382683 0.923880 0.000000
v 0.555570 0.831470 0.000000
v 0.707107 0.707107 -0.000000
v 0.831469 0.555570 0.000000
v 0.923879 0.382683 -0.000000
v 0.980785 0.195090 0.000000
v 1.000000 0.000000 0.000000
v 0.980785 -0.195090 0.000000
v 0.923879 -0.382683 -0.000000
v 0.831469 -0.555570 0.000000
v 0.707107 -0.707107 -0.000000
v 0.555570 -0.831470 0.000000
v 0.382683 -0.923880 0.000000
v 0.195090 -0.980785 0.000000
v 0.092017 0.805735 0.019118
v 0.375330 0.923880 0.074658
v 0.544895 0.831470 0.108386
v 0.693520 0.707107 0.137950
v 0.815493 0.555570 0.162212
v 0.906127 0.382683 0.180240
v 0.961940 0.195090 0.191342
v 0.980785 0.000000 0.195090
v 0.961940 -0.195090 0.191342
v 0.906127 -0.382683 0.180240
v 0.815493 -0.555570 0.162212
v 0.693520 -0.707107 0.137950
v 0.544895 -0.831470 0.108386
v 0.375330 -0.923880 0.074658
v 0.191342 -0.980785 0.038060
v 0.086678 0.805735 0.037500
v 0.353553 0.923880 0.146447
v 0.513280 0.831470 0.212608
v 0.653281 0.707107 0.270598
v 0.768178 0.555570 0.318190
v 0.853553 0.382683 0.353553
v 0.906127 0.195090 0.375330
v 0.923879 0.000000 0.382683
v 0.906127 -0.195090 0.375330
v 0.853553 -0.382683 0.353553
v 0.768178 -0.555570 0.318190
v 0.653281 -0.707107 0.270598
v 0.513280 -0.831470 0.212608
v 0.353553 -0.923880 0.146447
v 0.180240 -0.980785 0.074658
v 0.078008 0.805735 0.054441
v 0.318190 0.923880 0.212608
v 0.461940 0.831470 0.308658
v 0.587938 0.707107 0.392847
v 0.691341 0.555570 0.461940
v 0.768178 0.382683 0.513280
v 0.815493 0.195090 0.544895
v 0.831469 0.000000 0.555570
v 0.815493 -0.195090 0.544895
v 0.768178 -0.382683 0.513280
v 0.691341 -0.555570 0.461940
v 0.587938 -0.707107 0.392847
v 0.461940 -0.831470 0.308658
v 0.318190 -0.923880 0.212608
v 0.162212 -0.980785 0.108386
v 0.066340 0.805735 0.069291
v 0.270598 0.923880 0.270598
v 0.392847 0.831470 0.392847
v 0.500000 0.707107 0.500000
v 0.587938 0.555570 0.587938
v 0.653281 0.382683 0.653281
v 0.693520 0.195090 0.693520
v 0.707106 0.000000 0.707107
v 0.693520 -0.195090 0.693520
v 0.653281 -0.382683 0.653281
v 0.587938 -0.555570 0.587938
v 0.500000 -0.707107 0.500000
v 0.392847 -0.831470 0.392847
v 0.270598 -0.923880 0.270598
v 0.137950 -0.980785 0.137950
v 0.052123 0.805735 0.081477
v 0.212607 0.923880 0.318190
v 0.308658 0.831470 0.461940
v 0.392847 0.707107 0.587938
v 0.461940 0.555570 0.691342
v 0.513280 0.382683 0.768178
v 0.544895 0.195090 0.815493
v 0.555570 0.000000 0.831469
v 0.544895 -0.195090 0.815493
v 0.513280 -0.382683 0.768178
v 0.461940 -0.555570 0.691342
v 0.392847 -0.707107 0.587938
v 0.308658 -0.831470 0.461940
v 0.212607 -0.923880 0.318190
v 0.108386 -0.980785 0.162212
v 0.035903 0.805735 0.090532
v 0.146447 0.923880 0.353553
v 0.212607 0.831470 0.513280
v 0.270598 0.707107 0.653281
v 0.318189 0.555570 0.768178
v 0.353553 0.382683 0.853553
v 0.375330 0.195090 0.906127
v 0.382683 0.000000 0.923879
v 0.375330 -0.195090 0.906127
v 0.353553 -0.382683 0.853553
v 0.318189 -0.555570 0.768178
v 0.270598 -0.707107 0.653281
v 0.212607 -0.831470 0.513280
v 0.146447 -0.923880 0.353553
v 0.074658 -0.980785 0.180240
v 0.018303 0.805735 0.096109
v 0.074658 0.923880 0.375330
v 0.108386 0.831470 0.544895
v 0.137950 0.707107 0.693520
v 0.162212 0.555570 0.815493
v 0.180240 0.382683 0.906127
v 0.191342 0.195090 0.961939
v 0.195090 0.000000 0.980785
v 0.191342 -0.195090 0.961939
v 0.180240 -0.382683 0.906127
v 0.162212 -0.555570 0.815493
v 0.137950 -0.707107 0.693520
v 0.108386 -0.831470 0.544895
v 0.074658 -0.923880 0.375330
v 0.038060 -0.980785 0.191342
v 0.000000 0.805735 0.097991
v -0.000000 0.923880 0.382683
v -0.000000 0.831470 0.555570
v -0.000000 0.707107 0.707107
v -0.000000 0.555570 0.831469
v 0.000000 0.382683 0.923879
v -0.000000 0.195090 0.980785
v -0.000000 0.000000 0.999999
v -0.000000 -0.195090 0.980785
v 0.000000 -0.382683 0.923879
v -0.000000 -0.555570 0.831469
v -0.000000 -0.707107 0.707107
v -0.000000 -0.831470 0.555570
v -0.000000 -0.923880 0.382683
v -0.000000 -0.980785 0.195090
v -0.018303 0.805735 0.096109
v -0.074658 0.923880 0.375330
v -0.108386 0.831470 0.544895
v -0.137950 0.707107 0.693520
v -0.162212 0.555570 0.815493
v -0.180240 0.382683 0.906127
v -0.191342 0.195090 0.961939
v -0.195091 0.000000 0.980785
v -0.191342 -0.195090 0.961939
v -0.180240 -0.382683 0.906127
v -0.162212 -0.555570 0.815493
v -0.137950 -0.707107 0.693520
v -0.108386 -0.831470 0.544895
v -0.074658 -0.923880 0.375330
v -0.038060 -0.980785 0.191342
v -0.035903 0.805735 0.090532
v -0.146447 0.923880 0.353553
v -0.212608 0.831470 0.513280
v -0.270598 0.707107 0.653281
v -0.318190 0.555570 0.768177
v -0.353553 0.382683 0.853553
v -0.375330 0.195090 0.906127
v -0.382683 0.000000 0.923879
v -0.375330 -0.195090 0.906127
v -0.353553 -0.382683 0.853553
v -0.318190 -0.555570 0.768177
v -0.270598 -0.707107 0.653281
v -0.212608 -0.831470 0.513280
v -0.146447 -0.923880 0.353553
v -0.074658 -0.980785 0.180240
v -0.052123 0.805735 0.081477
v -0.212608 0.923880 0.318190
v -0.308658 0.831470 0.461939
v -0.392847 0.707107 0.587938
v -0.461940 0.555570 0.691341
v -0.513280 0.382683 0.768178
v -0.544895 0.195090 0.815493
v -0.555570 0.000000 0.831469
v -0.544895 -0.195090 0.815493
v -0.513280 -0.382683 0.768178
v -0.461940 -0.555570 0.691341
v -0.392847 -0.707107 0.587938
v -0.308658 -0.831470 0.461939
v -0.212608 -0.923880 0.318190
v -0.108386 -0.980785 0.162212
v -0.066340 0.805735 0.069291
v -0.270598 0.923880 0.270598
v -0.392847 0.831470 0.392847
v -0.500000 0.707107 0.500000
v -0.587938 0.555570 0.587937
v -0.653281 0.382683 0.653281
v -0.693520 0.195090 0.693520
v -0.707106 0.000000 0.707106
v -0.693520 -0.195090 0.693520
v -0.653281 -0.382683 0.653281
v -0.587938 -0.555570 0.587937
v -0.500000 -0.707107 0.500000
v -0.392847 -0.831470 0.392847
v -0.270598 -0.923880 0.270598
v -0.137950 -0.980785 0.137950
v -0.078008 0.805735 0.054441
v -0.318190 0.923880 0.212607
v -0.461940 0.831470 0.308658
v -0.587938 0.707107 0.392847
v -0.691341 0.555570 0.461939
v -0.768177 0.382683 0.513280
v -0.815493 0.195090 0.544895
v -0.831469 0.000000 0.555569
v -0.815493 -0.195090 0.544895
v -0.768177 -0.382683 0.513280
v -0.691341 -0.555570 0.461939
v -0.587938 -0.707107 0.392847
v -0.461940 -0.831470 0.308658
v -0.318190 -0.923880 0.212607
v -0.162212 -0.980785 0.108386
v -0.086678 0.805735 0.037500
v -0.353553 0.923880 0.146447
v -0.513280 0.831470 0.212607
v -0.653281 0.707107 0.270598
v -0.768177 0.555570 0.318189
v -0.853553 0.382683 0.353553
v -0.906127 0.195090 0.375330
v -0.923879 0.000000 0.382683
v -0.906127 -0.195090 0.375330
v -0.853553 -0.382683 0.353553
v -0.768177 -0.555570 0.318189
v -0.653281 -0.707107 0.270598
v -0.513280 -0.831470 0.212607
v -0.353553 -0.923880 0.146447
v -0.180240 -0.980785 0.074658
v -0.092017 0.805735 0.019118
v -0.375330 0.923880 0.074658
v -0.544895 0.831470 0.108386
v -0.693520 0.707107 0.137950
v -0.815493 0.555570 0.162211
v -0.906127 0.382683 0.180240
v -0.961939 0.195090 0.191341
v -0.980784 0.000000 0.195090
v -0.961939 -0.195090 0.191341
v -0.906127 -0.382683 0.180240
v -0.815493 -0.555570 0.162211
v -0.693520 -0.707107 0.137950
v -0.544895 -0.831470 0.108386
v -0.375330 -0.923880 0.074658
v -0.191342 -0.980785 0.038060
v -0.093819 0.805735 0.000001
v -0.382683 0.923880 -0.000000
v -0.555570 0.831470 -0.000000
v -0.707107 0.707107 -0.000000
v -0.831469 0.555570 -0.000000
v -0.923879 0.382683 -0.000000
v -0.980785 0.195090 -0.000000
v -0.999999 0.000000 -0.000000
v -0.980785 -0.195090 -0.000000
v -0.923879 -0.382683 -0.000000
v -0.831469 -0.555570 -0.000000
v -0.707107 -0.707107 -0.000000
v -0.555570 -0.831470 -0.000000
v -0.382683 -0.923880 -0.000000
v -0.195090 -0.980785 -0.000000
v -0.092017 0.805735 -0.019116
v -0.375330 0.923880 -0.074658
v -0.544895 0.831470 -0.108386
v -0.693520 0.707107 -0.137950
v -0.815493 0.555570 -0.162212
v -0.906127 0.382683 -0.180240
v -0.961939 0.195090 -0.191342
v -0.980784 0.000000 -0.195091
v -0.961939 -0.195090 -0.191342
v -0.906127 -0.382683 -0.180240
v -0.815493 -0.555570 -0.162212
v -0.693520 -0.707107 -0.137950
v -0.544895 -0.831470 -0.108386
v -0.375330 -0.923880 -0.074658
v -0.191342 -0.980785 -0.038060
v -0.086678 0.805735 -0.037499
v -0.353553 0.923880 -0.146447
v -0.513279 0.831470 -0.212607
v -0.653281 0.707107 -0.270598
v -0.768177 0.555570 -0.318190
v -0.853553 0.382683 -0.353553
v -0.906127 0.195090 -0.375330
v -0.923878 0.000000 -0.382683
v -0.906127 -0.195090 -0.375330
v -0.853553 -0.382683 -0.353553
v -0.768177 -0.555570 -0.318190
v -0.653281 -0.707107 -0.270598
v -0.513279 -0.831470 -0.212607
v -0.353553 -0.923880 -0.146447
v -0.180240 -0.980785 -0.074658
v -0.078008 0.805735 -0.054440
v -0.318189 0.923880 -0.212607
v -0.461939 0.831470 -0.308658
v -0.587938 0.707107 -0.392847
v -0.691341 0.555570 -0.461940
v -0.768177 0.382683 -0.513280
v -0.815493 0.195090 -0.544895
v -0.831468 0.000000 -0.555570
v -0.815493 -0.195090 -0.544895
v -0.768177 -0.382683 -0.513280
v -0.691341 -0.555570 -0.461940
v -0.587938 -0.707107 -0.392847
v -0.461939 -0.831470 -0.308658
v -0.318189 -0.923880 -0.212607
v -0.162212 -0.980785 -0.108386
v -0.066340 0.805735 -0.069289
v -0.270598 0.923880 -0.270598
v -0.392847 0.831470 -0.392847
v -0.500000 0.707107 -0.500000
v -0.587937 0.555570 -0.587938
v -0.653281 0.382683 -0.653281
v -0.693519 0.195090 -0.693520
v -0.707106 0.000000 -0.707106
v -0.693519 -0.195090 -0.693520
v -0.653281 -0.382683 -0.653281
v -0.587937 -0.555570 -0.587938
v -0.500000 -0.707107 -0.500000
v -0.392847 -0.831470 -0.392847
v -0.270598 -0.923880 -0.270598
v -0.137950 -0.980785 -0.137950
v -0.052123 0.805735 -0.081476
v -0.212607 0.923880 -0.318190
v -0.308658 0.831470 -0.461939
v -0.392847 0.707107 -0.587938
v -0.461939 0.555570 -0.691341
v -0.513280 0.382683 -0.768177
v -0.544895 0.195090 -0.815493
v -0.555569 0.000000 -0.831469
v -0.544895 -0.195090 -0.815493
v -0.513280 -0.382683 -0.768177
v -0.461939 -0.555570 -0.691341
v -0.392847 -0.707107 -0.587938
v -0.308658 -0.831470 -0.461939
v -0.212607 -0.923880 -0.318190
v -0.108386 -0.980785 -0.162212
v -0.035903 0.805735 -0.090531
v -0.146446 0.923880 -0.353553
v -0.212607 0.831470 -0.513279
v -0.270598 0.707107 -0.653281
v -0.318189 0.555570 -0.768177
v -0.353553 0.382683 -0.853553
v -0.375330 0.195090 -0.906127
v -0.382683 0.000000 -0.923879
v -0.375330 -0.195090 -0.906127
v -0.353553 -0.382683 -0.853553
v -0.318189 -0.555570 -0.768177
v -0.270598 -0.707107 -0.653281
v -0.212607 -0.831470 -0.513279
v -0.146446 -0.923880 -0.353553
v -0.074658 -0.980785 -0.180240
v -0.018303 0.805735 -0.096107
v -0.074658 0.923880 -0.375330
v -0.108386 0.831470 -0.544895
v -0.137950 0.707107 -0.693520
v -0.162211 0.555570 -0.815493
v -0.180240 0.382683 -0.906127
v -0.191341 0.195090 -0.961939
v -0.195090 0.000000 -0.980784
v -0.191341 -0.195090 -0.961939
v -0.180240 -0.382683 -0.906127
v -0.162211 -0.555570 -0.815493
v -0.137950 -0.707107 -0.693520
v -0.108386 -0.831470 -0.544895
v -0.074658 -0.923880 -0.375330
v -0.038060 -0.980785 -0.191342
v 0.000000 0.805735 -0.097990
v 0.000000 0.923880 -0.382683
v 0.000000 0.707107 -0.707107
v 0.000000 0.382683 -0.923879
v 0.000000 -0.382683 -0.923879
v 0.000000 -0.707107 -0.707107
v 0.000000 -0.831470 -0.555570
v 0.000000 -0.923880 -0.382683
v 0.000000 -0.980785 -0.195090
v 0.074658 0.854963 -0.180240
v 0.038060 0.854963 -0.191342
v 0.108386 0.854963 -0.162212
v 0.137950 0.854963 -0.137950
v 0.162212 0.854963 -0.108386
v 0.180240 0.854963 -0.074658
v 0.191342 0.854963 -0.038060
v 0.195090 0.854963 0.000000
v 0.191342 0.854963 0.038060
v 0.180240 0.854963 0.074658
v 0.162212 0.854963 0.108386
v 0.137950 0.854963 0.137950
v 0.108386 0.854963 0.162212
v 0.074658 0.854963 0.180240
v 0.038060 0.854963 0.191342
v -0.000000 0.854963 0.195090
v -0.038060 0.854963 0.191342
v -0.074658 0.854963 0.180240
v -0.108386 0.854963 0.162212
v -0.137950 0.854963 0.137950
v -0.162212 0.854963 0.108386
v -0.180240 0.854963 0.074658
v -0.191342 0.854963 0.038060
v -0.195090 0.854963 -0.000000
v -0.191342 0.854963 -0.038060
v -0.180240 0.854963 -0.074658
v -0.162211 0.854963 -0.108386
v -0.137950 0.854963 -0.137950
v -0.108386 0.854963 -0.162211
v -0.074658 0.854963 -0.180240
v -0.038060 0.854963 -0.191341
v 0.000000 0.854963 -0.195090
v 0.063866 0.903558 -0.321077
v 0.125278 0.903558 -0.302448
v 0.181876 0.903558 -0.272196
v 0.231484 0.903558 -0.231484
v 0.272196 0.903558 -0.181876
v 0.302448 0.903558 -0.125278
v 0.321077 0.903558 -0.063866
v 0.327367 0.903558 0.000000
v 0.321077 0.903558 0.063866
v 0.302448 0.903558 0.125278
v 0.272196 0.903558 0.181876
v 0.231484 0.903558 0.231484
v 0.181876 0.903558 0.272196
v 0.125278 0.903558 0.302448
v 0.063866 0.903558 0.321077
v -0.000000 0.903558 0.327367
v -0.063866 0.903558 0.321077
v -0.125278 0.903558 0.302448
v -0.181876 0.903558 0.272196
v -0.231484 0.903558 0.231484
v -0.272196 0.903558 0.181876
v -0.302448 0.903558 0.125278
v -0.321077 0.903558 0.063866
v -0.327367 0.903558 -0.000000
v -0.321077 0.903558 -0.063866
v -0.302448 0.903558 -0.125278
v -0.272196 0.903558 -0.181876
v -0.231484 0.903558 -0.231484
v -0.181875 0.903558 -0.272196
v -0.125278 0.903558 -0.302448
v -0.063866 0.903558 -0.321077
v 0.000000 0.903558 -0.327367
vn -0.0000 1.0000 -0.0000
vn -0.0000 0.8286 -0.5598
vn -0.0000 0.5528 -0.8333
vn -0.0000 0.1939 -0.9810
vn -0.0000 -0.0000 -1.0000
vn -0.0000 -0.1939 -0.9810
vn -0.0000 -0.5528 -0.8333
vn -0.0000 -1.0000 -0.0000
vn -0.0555 0.9617 0.2683
vn 0.0185 0.9955 -0.0929
vn 0.1092 0.8286 -0.5490
vn 0.1385 0.7041 -0.6965
vn 0.1626 0.5528 -0.8173
vn 0.1804 0.3805 -0.9070
vn 0.1914 0.1939 -0.9622
vn 0.1951 -0.0000 -0.9808
vn 0.1914 -0.1939 -0.9622
vn 0.1804 -0.3805 -0.9070
vn 0.1626 -0.5528 -0.8173
vn 0.1385 -0.7041 -0.6965
vn 0.1092 -0.8286 -0.5490
vn 0.0757 -0.9217 -0.3804
vn 0.0392 -0.9796 -0.1971
vn -0.1081 0.9619 0.2510
vn 0.0362 0.9955 -0.0875
vn 0.2142 0.8286 -0.5172
vn 0.2718 0.7041 -0.6561
vn 0.3189 0.5528 -0.7699
vn 0.3539 0.3805 -0.8544
vn 0.3754 0.1939 -0.9063
vn 0.3827 -0.0000 -0.9239
vn 0.3754 -0.1939 -0.9063
vn 0.3539 -0.3805 -0.8544
vn 0.3189 -0.5528 -0.7699
vn 0.2718 -0.7041 -0.6561
vn 0.2142 -0.8286 -0.5172
vn 0.1484 -0.9217 -0.3584
vn 0.0769 -0.9796 -0.1857
vn -0.1552 0.9623 0.2235
vn 0.0526 0.9955 -0.0787
vn 0.3110 0.8286 -0.4654
vn 0.3945 0.7041 -0.5905
vn 0.4630 0.5528 -0.6929
vn 0.5138 0.3805 -0.7689
vn 0.5450 0.1939 -0.8157
vn 0.5556 -0.0000 -0.8315
vn 0.5450 -0.1939 -0.8157
vn 0.5138 -0.3805 -0.7689
vn 0.4630 -0.5528 -0.6929
vn 0.3945 -0.7041 -0.5905
vn 0.3110 -0.8286 -0.4654
vn 0.2155 -0.9217 -0.3225
vn 0.1117 -0.9796 -0.1671
vn -0.1949 0.9627 0.1877
vn 0.0669 0.9955 -0.0669
vn 0.3958 0.8286 -0.3958
vn 0.5021 0.7041 -0.5021
vn 0.5893 0.5528 -0.5893
vn 0.6539 0.3805 -0.6539
vn 0.6937 0.1939 -0.6937
vn 0.7071 -0.0000 -0.7071
vn 0.6937 -0.1939 -0.6937
vn 0.6539 -0.3805 -0.6539
vn 0.5893 -0.5528 -0.5893
vn 0.5021 -0.7041 -0.5021
vn 0.3958 -0.8286 -0.3958
vn 0.2743 -0.9217 -0.2743
vn 0.1421 -0.9796 -0.1421
vn -0.2262 0.9631 0.1456
vn 0.0787 0.9955 -0.0526
vn 0.4654 0.8286 -0.3110
vn 0.5905 0.7041 -0.3945
vn 0.6929 0.5528 -0.4630
vn 0.7689 0.3805 -0.5138
vn 0.8157 0.1939 -0.5450
vn 0.8315 -0.0000 -0.5556
vn 0.8157 -0.1939 -0.5450
vn 0.7689 -0.3805 -0.5138
vn 0.6929 -0.5528 -0.4630
vn 0.5905 -0.7041 -0.3945
vn 0.4654 -0.8286 -0.3110
vn 0.3225 -0.9217 -0.2155
vn 0.1671 -0.9796 -0.1117
vn -0.2485 0.9635 0.0992
vn 0.0875 0.9955 -0.0362
vn 0.5172 0.8286 -0.2142
vn 0.6561 0.7041 -0.2718
vn 0.7699 0.5528 -0.3189
vn 0.8544 0.3805 -0.3539
vn 0.9063 0.1939 -0.3754
vn 0.9239 -0.0000 -0.3827
vn 0.9063 -0.1939 -0.3754
vn 0.8544 -0.3805 -0.3539
vn 0.7699 -0.5528 -0.3189
vn 0.6561 -0.7041 -0.2718
vn 0.5172 -0.8286 -0.2142
vn 0.3584 -0.9217 -0.1484
vn 0.1857 -0.9796 -0.0769
vn -0.2618 0.9638 0.0502
vn 0.0929 0.9955 -0.0185
vn 0.5490 0.8286 -0.1092
vn 0.6965 0.7041 -0.1385
vn 0.8173 0.5528 -0.1626
vn 0.9070 0.3805 -0.1804
vn 0.9622 0.1939 -0.1914
vn 0.9808 -0.0000 -0.1951
vn 0.9622 -0.1939 -0.1914
vn 0.9070 -0.3805 -0.1804
vn 0.8173 -0.5528 -0.1626
vn 0.6965 -0.7041 -0.1385
vn 0.5490 -0.8286 -0.1092
vn 0.3804 -0.9217 -0.0757
vn 0.1971 -0.9796 -0.0392
vn -0.2662 0.9639 -0.0000
vn 0.0947 0.9955 -0.0000
vn 0.5598 0.8286 -0.0000
vn 0.7101 0.7041 -0.0000
vn 0.8333 0.5528 -0.0000
vn 0.9248 0.3805 -0.0000
vn 0.9810 0.1939 -0.0000
vn 1.0000 -0.0000 -0.0000
vn 0.9810 -0.1939 -0.0000
vn 0.9248 -0.3805 -0.0000
vn 0.8333 -0.5528 -0.0000
vn 0.7101 -0.7041 -0.0000
vn 0.5598 -0.8286 -0.0000
vn 0.3879 -0.9217 -0.0000
vn 0.2010 -0.9796 -0.0000
vn -0.2618 0.9638 -0.0502
vn 0.0929 0.9955 0.0185
vn 0.5490 0.8286 0.1092
vn 0.6965 0.7041 0.1385
vn 0.8173 0.5528 0.1626
vn 0.9070 0.3805 0.1804
vn 0.9622 0.1939 0.1914
vn 0.9808 -0.0000 0.1951
vn 0.9622 -0.1939 0.1914
vn 0.9070 -0.3805 0.1804
vn 0.8173 -0.5528 0.1626
vn 0.6965 -0.7041 0.1385
vn 0.5490 -0.8286 0.1092
vn 0.3804 -0.9217 0.0757
vn 0.1971 -0.9796 0.0392
vn -0.2485 0.9635 -0.0992
vn 0.0875 0.9955 0.0362
vn 0.5172 0.8286 0.2142
vn 0.6561 0.7041 0.2718
vn 0.7699 0.5528 0.3189
vn 0.8544 0.3805 0.3539
vn 0.9063 0.1939 0.3754
vn 0.9239 -0.0000 0.3827
vn 0.9063 -0.1939 0.3754
vn 0.8544 -0.3805 0.3539
vn 0.7699 -0.5528 0.3189
vn 0.6561 -0.7041 0.2718
vn 0.5172 -0.8286 0.2142
vn 0.3584 -0.9217 0.1484
vn 0.1857 -0.9796 0.0769
vn -0.2262 0.9631 -0.1456
vn 0.0787 0.9955 0.0526
vn 0.4654 0.8286 0.3110
vn 0.5905 0.7041 0.3945
vn 0.6929 0.5528 0.4630
vn 0.7689 0.3805 0.5138
vn 0.8157 0.1939 0.5450
vn 0.8315 -0.0000 0.5556
vn 0.8157 -0.1939 0.5450
vn 0.7689 -0.3805 0.5138
vn 0.6929 -0.5528 0.4630
vn 0.5905 -0.7041 0.3945
vn 0.4654 -0.8286 0.3110
vn 0.3225 -0.9217 0.2155
vn 0.1671 -0.9796 0.1117
vn -0.1949 0.9627 -0.1877
vn 0.0669 0.9955 0.0669
vn 0.3958 0.8286 0.3958
vn 0.5021 0.7041 0.5021
vn 0.5893 0.5528 0.5893
vn 0.6539 0.3805 0.6539
vn 0.6937 0.1939 0.6937
vn 0.7071 -0.0000 0.7071
vn 0.6937 -0.1939 0.6937
vn 0.6539 -0.3805 0.6539
vn 0.5893 -0.5528 0.5893
vn 0.5021 -0.7041 0.5021
vn 0.3958 -0.8286 0.3958
vn 0.2743 -0.9217 0.2743
vn 0.1421 -0.9796 0.1421
vn -0.1551 0.9623 -0.2235
vn 0.0526 0.9955 0.0787
vn 0.3110 0.8286 0.4654
vn 0.3945 0.7041 0.5905
vn 0.4630 0.5528 0.6929
vn 0.5138 0.3805 0.7689
vn 0.5450 0.1939 0.8157
vn 0.5556 -0.0000 0.8315
vn 0.5450 -0.1939 0.8157
vn 0.5138 -0.3805 0.7689
vn 0.4630 -0.5528 0.6929
vn 0.3945 -0.7041 0.5905
vn 0.3110 -0.8286 0.4654
vn 0.2155 -0.9217 0.3225
vn 0.1117 -0.9796 0.1671
vn -0.1081 0.9619 -0.2510
vn 0.0362 0.9955 0.0875
vn 0.2142 0.8286 0.5172
vn 0.2718 0.7041 0.6561
vn 0.3189 0.5528 0.7699
vn 0.3539 0.3805 0.8544
vn 0.3754 0.1939 0.9063
vn 0.3827 -0.0000 0.9239
vn 0.3754 -0.1939 0.9063
vn 0.3539 -0.3805 0.8544
vn 0.3189 -0.5528 0.7699
vn 0.2718 -0.7041 0.6561
vn 0.2142 -0.8286 0.5172
vn 0.1484 -0.9217 0.3584
vn 0.0769 -0.9796 0.1857
vn -0.0555 0.9617 -0.2683
vn 0.0185 0.9955 0.0929
vn 0.1092 0.8286 0.5490
vn 0.1385 0.7041 0.6965
vn 0.1626 0.5528 0.8173
vn 0.1804 0.3805 0.9070
vn 0.1914 0.1939 0.9622
vn 0.1951 -0.0000 0.9808
vn 0.1914 -0.1939 0.9622
vn 0.1804 -0.3805 0.9070
vn 0.1626 -0.5528 0.8173
vn 0.1385 -0.7041 0.6965
vn 0.1092 -0.8286 0.5490
vn 0.0757 -0.9217 0.3804
vn 0.0392 -0.9796 0.1971
vn -0.0000 0.9617 -0.2742
vn -0.0000 0.9955 0.0947
vn -0.0000 0.8286 0.5598
vn -0.0000 0.7041 0.7101
vn -0.0000 0.5528 0.8333
vn -0.0000 0.3805 0.9248
vn -0.0000 0.1939 0.9810
vn -0.0000 -0.0000 1.0000
vn -0.0000 -0.1939 0.9810
vn -0.0000 -0.3805 0.9248
vn -0.0000 -0.5528 0.8333
vn -0.0000 -0.7041 0.7101
vn -0.0000 -0.8286 0.5598
vn -0.0000 -0.9217 0.3879
vn -0.0000 -0.9796 0.2010
vn 0.0555 0.9617 -0.2683
vn -0.0185 0.9955 0.0929
vn -0.1092 0.8286 0.5490
vn -0.1385 0.7041 0.6965
vn -0.1626 0.5528 0.8173
vn -0.1804 0.3805 0.9070
vn -0.1914 0.1939 0.9622
vn -0.1951 -0.0000 0.9808
vn -0.1914 -0.1939 0.9622
vn -0.1804 -0.3805 0.9070
vn -0.1626 -0.5528 0.8173
vn -0.1385 -0.7041 0.6965
vn -0.1092 -0.8286 0.5490
vn -0.0757 -0.9217 0.3804
vn -0.0392 -0.9796 0.1971
vn 0.1081 0.9619 -0.2510
vn -0.0362 0.9955 0.0875
vn -0.2142 0.8286 0.5172
vn -0.2718 0.7041 0.6561
vn -0.3189 0.5528 0.7699
vn -0.3539 0.3805 0.8544
vn -0.3754 0.1939 0.9063
vn -0.3827 -0.0000 0.9239
vn -0.3754 -0.1939 0.9063
vn -0.3539 -0.3805 0.8544
vn -0.3189 -0.5528 0.7699
vn -0.2718 -0.7041 0.6561
vn -0.2142 -0.8286 0.5172
vn -0.1484 -0.9217 0.3584
vn -0.0769 -0.9796 0.1857
vn 0.1552 0.9623 -0.2235
vn -0.0526 0.9955 0.0787
vn -0.3110 0.8286 0.4654
vn -0.3945 0.7041 0.5905
vn -0.4630 0.5528 0.6929
vn -0.5138 0.3805 0.7689
vn -0.5450 0.1939 0.8157
vn -0.5556 -0.0000 0.8315
vn -0.5450 -0.1939 0.8157
vn -0.5138 -0.3805 0.7689
vn -0.4630 -0.5528 0.6929
vn -0.3945 -0.7041 0.5905
vn -0.3110 -0.8286 0.4654
vn -0.2155 -0.9217 0.3225
vn -0.1117 -0.9796 0.1671
vn 0.1949 0.9627 -0.1877
vn -0.0669 0.9955 0.0669
vn -0.3958 0.8286 0.3958
vn -0.5021 0.7041 0.5021
vn -0.5893 0.5528 0.5893
vn -0.6539 0.3805 0.6539
vn -0.6937 0.1939 0.6937
vn -0.7071 -0.0000 0.7071
vn -0.6937 -0.1939 0.6937
vn -0.6539 -0.3805 0.6539
vn -0.5893 -0.5528 0.5893
vn -0.5021 -0.7041 0.5021
vn -0.3958 -0.8286 0.3958
vn -0.2743 -0.9217 0.2743
vn -0.1421 -0.9796 0.1421
vn 0.2262 0.9631 -0.1456
vn -0.0787 0.9955 0.0526
vn -0.4654 0.8286 0.3110
vn -0.5905 0.7041 0.3945
vn -0.6929 0.5528 0.4630
vn -0.7689 0.3805 0.5138
vn -0.8157 0.1939 0.5450
vn -0.8315 -0.0000 0.5556
vn -0.8157 -0.1939 0.5450
vn -0.7689 -0.3805 0.5138
vn -0.6929 -0.5528 0.4630
vn -0.5905 -0.7041 0.3945
vn -0.4654 -0.8286 0.3110
vn -0.3225 -0.9217 0.2155
vn -0.1671 -0.9796 0.1117
vn 0.2485 0.9635 -0.0992
vn -0.0875 0.9955 0.0362
vn -0.5172 0.8286 0.2142
vn -0.6561 0.7041 0.2718
vn -0.7699 0.5528 0.3189
vn -0.8544 0.3805 0.3539
vn -0.9063 0.1939 0.3754
vn -0.9239 -0.0000 0.3827
vn -0.9063 -0.1939 0.3754
vn -0.8544 -0.3805 0.3539
vn -0.7699 -0.5528 0.3189
vn -0.6561 -0.7041 0.2718
vn -0.5172 -0.8286 0.2142
vn -0.3584 -0.9217 0.1484
vn -0.1857 -0.9796 0.0769
vn 0.2618 0.9638 -0.0502
vn -0.0929 0.9955 0.0185
vn -0.5490 0.8286 0.1092
vn -0.6965 0.7041 0.1385
vn -0.8173 0.5528 0.1626
vn -0.9070 0.3805 0.1804
vn -0.9622 0.1939 0.1914
vn -0.9808 -0.0000 0.1951
vn -0.9622 -0.1939 0.1914
vn -0.9070 -0.3805 0.1804
vn -0.8173 -0.5528 0.1626
vn -0.6965 -0.7041 0.1385
vn -0.5490 -0.8286 0.1092
vn -0.3804 -0.9217 0.0757
vn -0.1971 -0.9796 0.0392
vn 0.2662 0.9639 -0.0000
vn -0.0947 0.9955 -0.0000
vn -0.5598 0.8286 -0.0000
vn -0.7101 0.7041 -0.0000
vn -0.8333 0.5528 -0.0000
vn -0.9248 0.3805 -0.0000
vn -0.9810 0.1939 -0.0000
vn -1.0000 -0.0000 -0.0000
vn -0.9810 -0.1939 -0.0000
vn -0.9248 -0.3805 -0.0000
vn -0.8333 -0.5528 -0.0000
vn -0.7101 -0.7041 -0.0000
vn -0.5598 -0.8286 -0.0000
vn -0.3879 -0.9217 -0.0000
vn -0.2010 -0.9796 -0.0000
vn 0.2618 0.9638 0.0502
vn -0.0929 0.9955 -0.0185
vn -0.5490 0.8286 -0.1092
vn -0.6965 0.7041 -0.1385
vn -0.8173 0.5528 -0.1626
vn -0.9070 0.3805 -0.1804
vn -0.9622 0.1939 -0.1914
vn -0.9808 -0.0000 -0.1951
vn -0.9622 -0.1939 -0.1914
vn -0.9070 -0.3805 -0.1804
vn -0.8173 -0.5528 -0.1626
vn -0.6965 -0.7041 -0.1385
vn -0.5490 -0.8286 -0.1092
vn -0.3804 -0.9217 -0.0757
vn -0.1971 -0.9796 -0.0392
vn 0.2485 0.9635 0.0992
vn -0.0875 0.9955 -0.0362
vn -0.5172 0.8286 -0.2142
vn -0.6561 0.7041 -0.2718
vn -0.7699 0.5528 -0.3189
vn -0.8544 0.3805 -0.3539
vn -0.9063 0.1939 -0.3754
vn -0.9239 -0.0000 -0.3827
vn -0.9063 -0.1939 -0.3754
vn -0.8544 -0.3805 -0.3539
vn -0.7699 -0.5528 -0.3189
vn -0.6561 -0.7041 -0.2718
vn -0.5172 -0.8286 -0.2142
vn -0.3584 -0.9217 -0.1484
vn -0.1857 -0.9796 -0.0769
vn 0.2262 0.9631 0.1456
vn -0.0787 0.9955 -0.0526
vn -0.4654 0.8286 -0.3110
vn -0.5905 0.7041 -0.3945
vn -0.6929 0.5528 -0.4630
vn -0.7689 0.3805 -0.5138
vn -0.8157 0.1939 -0.5450
vn -0.8315 -0.0000 -0.5556
vn -0.8157 -0.1939 -0.5450
vn -0.7689 -0.3805 -0.5138
vn -0.6929 -0.5528 -0.4630
vn -0.5905 -0.7041 -0.3945
vn -0.4654 -0.8286 -0.3110
vn -0.3225 -0.9217 -0.2155
vn -0.1671 -0.9796 -0.1117
vn 0.1949 0.9627 0.1877
vn -0.0669 0.9955 -0.0669
vn -0.3958 0.8286 -0.3958
vn -0.5021 0.7041 -0.5021
vn -0.5893 0.5528 -0.5893
vn -0.6539 0.3805 -0.6539
vn -0.6937 0.1939 -0.6937
vn -0.7071 -0.0000 -0.7071
vn -0.6937 -0.1939 -0.6937
vn -0.6539 -0.3805 -0.6539
vn -0.5893 -0.5528 -0.5893
vn -0.5021 -0.7041 -0.5021
vn -0.3958 -0.8286 -0.3958
vn -0.2743 -0.9217 -0.2743
vn -0.1421 -0.9796 -0.1421
vn 0.1552 0.9623 0.2235
vn -0.0526 0.9955 -0.0787
vn -0.3110 0.8286 -0.4654
vn -0.3945 0.7041 -0.5905
vn -0.4630 0.5528 -0.6929
vn -0.5138 0.3805 -0.7689
vn -0.5450 0.1939 -0.8157
vn -0.5556 -0.0000 -0.8315
vn -0.5450 -0.1939 -0.8157
vn -0.5138 -0.3805 -0.7689
vn -0.4630 -0.5528 -0.6929
vn -0.3945 -0.7041 -0.5905
vn -0.3110 -0.8286 -0.4654
vn -0.2155 -0.9217 -0.3225
vn -0.1117 -0.9796 -0.1671
vn 0.1081 0.9619 0.2510
vn -0.0362 0.9955 -0.0875
vn -0.2142 0.8286 -0.5172
vn -0.2718 0.7041 -0.6561
vn -0.3189 0.5528 -0.7699
vn -0.3539 0.3805 -0.8544
vn -0.3754 0.1939 -0.9063
vn -0.3827 -0.0000 -0.9239
vn -0.3754 -0.1939 -0.9063
vn -0.3539 -0.3805 -0.8544
vn -0.3189 -0.5528 -0.7699
vn -0.2718 -0.7041 -0.6561
vn -0.2142 -0.8286 -0.5172
vn -0.1484 -0.9217 -0.3584
vn -0.0769 -0.9796 -0.1857
vn 0.0555 0.9617 0.2683
vn -0.0185 0.9955 -0.0929
vn -0.1092 0.8286 -0.5490
vn -0.1385 0.7041 -0.6965
vn -0.1626 0.5528 -0.8173
vn -0.1804 0.3805 -0.9070
vn -0.1914 0.1939 -0.9622
vn -0.1951 -0.0000 -0.9808
vn -0.1914 -0.1939 -0.9622
vn -0.1804 -0.3805 -0.9070
vn -0.1626 -0.5528 -0.8173
vn -0.1385 -0.7041 -0.6965
vn -0.1092 -0.8286 -0.5490
vn -0.0757 -0.9217 -0.3804
vn -0.0392 -0.9796 -0.1971
vn -0.0000 0.9617 0.2742
vn -0.0000 0.9955 -0.0947
vn -0.0000 0.7041 -0.7101
vn -0.0000 0.3805 -0.9248
vn -0.0000 -0.3805 -0.9248
vn -0.0000 -0.7041 -0.7101
vn -0.0000 -0.8286 -0.5598
vn -0.0000 -0.9217 -0.3879
vn -0.0000 -0.9796 -0.2010
vn -0.1514 0.9188 0.3646
vn -0.0774 0.9184 0.3880
vn -0.2190 0.9193 0.3269
vn -0.2776 0.9199 0.2769
vn -0.3251 0.9205 0.2168
vn -0.3601 0.9209 0.1489
vn -0.3816 0.9212 0.0758
vn -0.3888 0.9213 -0.0000
vn -0.3816 0.9212 -0.0758
vn -0.3601 0.9209 -0.1489
vn -0.3251 0.9205 -0.2168
vn -0.2776 0.9199 -0.2769
vn -0.2190 0.9193 -0.3269
vn -0.1514 0.9188 -0.3646
vn -0.0774 0.9184 -0.3880
vn -0.0000 0.9183 -0.3960
vn 0.0774 0.9184 -0.3880
vn 0.1514 0.9188 -0.3646
vn 0.2190 0.9193 -0.3269
vn 0.2776 0.9199 -0.2769
vn 0.3251 0.9205 -0.2168
vn 0.3601 0.9209 -0.1489
vn 0.3816 0.9212 -0.0758
vn 0.3888 0.9213 -0.0000
vn 0.3816 0.9212 0.0758
vn 0.3601 0.9209 0.1489
vn 0.3251 0.9205 0.2168
vn 0.2776 0.9199 0.2769
vn 0.2190 0.9193 0.3269
vn 0.1514 0.9188 0.3646
vn 0.0774 0.9184 0.3880
vn -0.0000 0.9183 0.3960
vn -0.0673 0.9387 0.3382
vn -0.1320 0.9387 0.3186
vn -0.1916 0.9387 0.2867
vn -0.2438 0.9387 0.2438
vn -0.2867 0.9387 0.1916
vn -0.3186 0.9387 0.1320
vn -0.3382 0.9387 0.0673
vn -0.3448 0.9387 -0.0000
vn -0.3382 0.9387 -0.0673
vn -0.3186 0.9387 -0.1320
vn -0.2867 0.9387 -0.1916
vn -0.2438 0.9387 -0.2438
vn -0.1916 0.9387 -0.2867
vn -0.1320 0.9387 -0.3186
vn -0.0673 0.9387 -0.3382
vn -0.0000 0.9387 -0.3448
vn 0.0673 0.9387 -0.3382
vn 0.1320 0.9387 -0.3186
vn 0.1916 0.9387 -0.2867
vn 0.2438 0.9387 -0.2438
vn 0.2867 0.9387 -0.1916
vn 0.3186 0.9387 -0.1320
vn 0.3382 0.9387 -0.0673
vn 0.3448 0.9387 -0.0000
vn 0.3382 0.9387 0.0673
vn 0.3186 0.9387 0.1320
vn 0.2867 0.9387 0.1916
vn 0.2438 0.9387 0.2438
vn 0.1916 0.9387 0.2867
vn 0.1320 0.9387 0.3186
vn 0.0673 0.9387 0.3382
vn -0.0000 0.9387 0.3448
vt 0.750000 0.125000
vt 0.718750 0.062500
vt 0.750000 0.062500
vt 0.750000 0.562500
vt 0.718750 0.500000
vt 0.750000 0.500000
vt 0.745969 0.953626
vt 0.734375 1.000000
vt 0.722781 0.953626
vt 0.734375 0.000000
vt 0.718750 0.437500
vt 0.750000 0.437500
vt 0.750000 0.893430
vt 0.718750 0.937500
vt 0.718750 0.893430
vt 0.718750 0.375000
vt 0.750000 0.375000
vt 0.750000 0.812500
vt 0.718750 0.875000
vt 0.718750 0.812500
vt 0.718750 0.312500
vt 0.750000 0.312500
vt 0.750000 0.750000
vt 0.718750 0.750000
vt 0.718750 0.250000
vt 0.750000 0.250000
vt 0.750000 0.687500
vt 0.718750 0.687500
vt 0.718750 0.187500
vt 0.750000 0.187500
vt 0.750000 0.625000
vt 0.718750 0.625000
vt 0.718750 0.125000
vt 0.718750 0.562500
vt 0.687500 0.625000
vt 0.687500 0.187500
vt 0.687500 0.125000
vt 0.687500 0.562500
vt 0.687500 0.062500
vt 0.687500 0.500000
vt 0.703125 1.000000
vt 0.683469 0.953626
vt 0.703125 0.000000
vt 0.687500 0.437500
vt 0.687500 0.937500
vt 0.687500 0.893430
vt 0.687500 0.375000
vt 0.687500 0.812500
vt 0.687500 0.312500
vt 0.687500 0.750000
vt 0.687500 0.250000
vt 0.687500 0.687500
vt 0.656250 0.375000
vt 0.687500 0.875000
vt 0.656250 0.812500
vt 0.656250 0.312500
vt 0.656250 0.750000
vt 0.656250 0.250000
vt 0.656250 0.687500
vt 0.656250 0.187500
vt 0.656250 0.625000
vt 0.656250 0.125000
vt 0.656250 0.562500
vt 0.656250 0.062500
vt 0.656250 0.500000
vt 0.671875 1.000000
vt 0.652219 0.953626
vt 0.671875 0.000000
vt 0.656250 0.437500
vt 0.656250 0.893429
vt 0.625000 0.125000
vt 0.625000 0.625000
vt 0.625000 0.562500
vt 0.625000 0.062500
vt 0.625000 0.500000
vt 0.640625 1.000000
vt 0.620969 0.953626
vt 0.640625 0.000000
vt 0.625000 0.437500
vt 0.656250 0.937500
vt 0.625000 0.893430
vt 0.625000 0.375000
vt 0.656250 0.875000
vt 0.625000 0.812500
vt 0.625000 0.312500
vt 0.625000 0.750000
vt 0.625000 0.250000
vt 0.625000 0.687500
vt 0.625000 0.187500
vt 0.593750 0.375000
vt 0.593750 0.312500
vt 0.593750 0.750000
vt 0.593750 0.250000
vt 0.593750 0.687500
vt 0.593750 0.187500
vt 0.593750 0.625000
vt 0.593750 0.125000
vt 0.593750 0.562500
vt 0.593750 0.062500
vt 0.593750 0.500000
vt 0.609375 1.000000
vt 0.589719 0.953626
vt 0.609375 0.000000
vt 0.593750 0.437500
vt 0.625000 0.937500
vt 0.593750 0.893430
vt 0.625000 0.875000
vt 0.593750 0.812500
vt 0.562500 0.125000
vt 0.562500 0.062500
vt 0.562500 0.562500
vt 0.562500 0.500000
vt 0.578125 1.000000
vt 0.558469 0.953626
vt 0.578125 0.000000
vt 0.562500 0.437500
vt 0.593750 0.937500
vt 0.562500 0.893430
vt 0.562500 0.375000
vt 0.593750 0.875000
vt 0.562500 0.812500
vt 0.562500 0.312500
vt 0.562500 0.750000
vt 0.562500 0.250000
vt 0.562500 0.687500
vt 0.562500 0.187500
vt 0.562500 0.625000
vt 0.531250 0.750000
vt 0.531250 0.250000
vt 0.531250 0.687500
vt 0.531250 0.187500
vt 0.531250 0.625000
vt 0.531250 0.125000
vt 0.531250 0.562500
vt 0.531250 0.062500
vt 0.531250 0.500000
vt 0.546875 1.000000
vt 0.527219 0.953626
vt 0.546875 0.000000
vt 0.531250 0.437500
vt 0.562500 0.937500
vt 0.531250 0.893430
vt 0.531250 0.375000
vt 0.562500 0.875000
vt 0.531250 0.812500
vt 0.531250 0.312500
vt 0.500000 0.562500
vt 0.500000 0.500000
vt 0.515625 1.000000
vt 0.495969 0.953626
vt 0.515625 0.000000
vt 0.500000 0.062500
vt 0.500000 0.437500
vt 0.531250 0.937500
vt 0.500000 0.893430
vt 0.500000 0.375000
vt 0.531250 0.875000
vt 0.500000 0.812500
vt 0.500000 0.312500
vt 0.500000 0.750000
vt 0.500000 0.250000
vt 0.500000 0.687500
vt 0.500000 0.187500
vt 0.500000 0.625000
vt 0.500000 0.125000
vt 0.468750 0.250000
vt 0.468750 0.750000
vt 0.468750 0.687500
vt 0.468750 0.187500
vt 0.468750 0.625000
vt 0.468750 0.125000
vt 0.468750 0.562500
vt 0.468750 0.062500
vt 0.468750 0.500000
vt 0.484375 1.000000
vt 0.464719 0.953626
vt 0.484375 0.000000
vt 0.468750 0.437500
vt 0.500000 0.937500
vt 0.468750 0.893430
vt 0.468750 0.375000
vt 0.500000 0.875000
vt 0.468750 0.812500
vt 0.468750 0.312500
vt 0.453125 1.000000
vt 0.433469 0.953626
vt 0.453125 0.000000
vt 0.437500 0.062500
vt 0.437500 0.437500
vt 0.468750 0.937500
vt 0.437500 0.893430
vt 0.437500 0.375000
vt 0.437500 0.875000
vt 0.437500 0.812500
vt 0.437500 0.312500
vt 0.437500 0.750000
vt 0.437500 0.250000
vt 0.437500 0.687500
vt 0.437500 0.187500
vt 0.437500 0.625000
vt 0.437500 0.125000
vt 0.437500 0.562500
vt 0.437500 0.500000
vt 0.406250 0.750000
vt 0.406250 0.687500
vt 0.406250 0.250000
vt 0.406250 0.187500
vt 0.406250 0.625000
vt 0.406250 0.125000
vt 0.406250 0.562500
vt 0.406250 0.062500
vt 0.406250 0.500000
vt 0.421875 1.000000
vt 0.402219 0.953626
vt 0.421875 0.000000
vt 0.406250 0.437500
vt 0.437500 0.937500
vt 0.406250 0.893430
vt 0.406250 0.375000
vt 0.406250 0.875000
vt 0.406250 0.812500
vt 0.406250 0.312500
vt 0.375000 0.437500
vt 0.406250 0.937500
vt 0.375000 0.893430
vt 0.375000 0.375000
vt 0.375000 0.812500
vt 0.375000 0.312500
vt 0.375000 0.750000
vt 0.375000 0.250000
vt 0.375000 0.687500
vt 0.375000 0.187500
vt 0.375000 0.625000
vt 0.375000 0.125000
vt 0.375000 0.562500
vt 0.375000 0.062500
vt 0.375000 0.500000
vt 0.390625 1.000000
vt 0.370969 0.953626
vt 0.390625 0.000000
vt 0.343750 0.250000
vt 0.343750 0.187500
vt 0.343750 0.625000
vt 0.343750 0.125000
vt 0.343750 0.562500
vt 0.343750 0.062500
vt 0.343750 0.500000
vt 0.359375 1.000000
vt 0.339719 0.953626
vt 0.359375 0.000000
vt 0.343750 0.437500
vt 0.375000 0.937500
vt 0.343750 0.893430
vt 0.343750 0.375000
vt 0.343750 0.875000
vt 0.343750 0.812500
vt 0.343750 0.312500
vt 0.343750 0.750000
vt 0.343750 0.687500
vt 0.312500 0.375000
vt 0.312500 0.812500
vt 0.312500 0.312500
vt 0.312500 0.750000
vt 0.312500 0.250000
vt 0.312500 0.687500
vt 0.312500 0.187500
vt 0.312500 0.625000
vt 0.312500 0.125000
vt 0.312500 0.562500
vt 0.312500 0.062500
vt 0.312500 0.500000
vt 0.328125 1.000000
vt 0.308469 0.953626
vt 0.328125 0.000000
vt 0.312500 0.437500
vt 0.343750 0.937500
vt 0.312500 0.893430
vt 0.281250 0.125000
vt 0.281250 0.625000
vt 0.281250 0.562500
vt 0.281250 0.062500
vt 0.281250 0.500000
vt 0.296875 1.000000
vt 0.277219 0.953626
vt 0.296875 0.000000
vt 0.281250 0.437500
vt 0.312500 0.937500
vt 0.281250 0.893430
vt 0.281250 0.375000
vt 0.312500 0.875000
vt 0.281250 0.812500
vt 0.281250 0.312500
vt 0.281250 0.750000
vt 0.281250 0.250000
vt 0.281250 0.687500
vt 0.281250 0.187500
vt 0.250000 0.875000
vt 0.250000 0.812500
vt 0.250000 0.375000
vt 0.250000 0.312500
vt 0.250000 0.750000
vt 0.250000 0.250000
vt 0.250000 0.687500
vt 0.250000 0.187500
vt 0.250000 0.625000
vt 0.250000 0.125000
vt 0.250000 0.562500
vt 0.250000 0.062500
vt 0.250000 0.500000
vt 0.265625 1.000000
vt 0.245969 0.953626
vt 0.265625 0.000000
vt 0.250000 0.437500
vt 0.250000 0.937500
vt 0.250000 0.893430
vt 0.218750 0.625000
vt 0.218750 0.562500
vt 0.218750 0.062500
vt 0.218750 0.500000
vt 0.234375 1.000000
vt 0.214719 0.953626
vt 0.234375 0.000000
vt 0.218750 0.437500
vt 0.218750 0.893430
vt 0.218750 0.375000
vt 0.218750 0.812500
vt 0.218750 0.312500
vt 0.218750 0.750000
vt 0.218750 0.250000
vt 0.218750 0.687500
vt 0.218750 0.187500
vt 0.218750 0.125000
vt 0.187500 0.375000
vt 0.187500 0.312500
vt 0.187500 0.750000
vt 0.187500 0.250000
vt 0.187500 0.687500
vt 0.187500 0.187500
vt 0.187500 0.625000
vt 0.187500 0.125000
vt 0.187500 0.562500
vt 0.187500 0.062500
vt 0.187500 0.500000
vt 0.203125 1.000000
vt 0.183469 0.953626
vt 0.203125 0.000000
vt 0.187500 0.437500
vt 0.218750 0.937500
vt 0.187500 0.893429
vt 0.218750 0.875000
vt 0.187500 0.812500
vt 0.156250 0.125000
vt 0.156250 0.062500
vt 0.156250 0.562500
vt 0.156250 0.500000
vt 0.171875 1.000000
vt 0.152219 0.953626
vt 0.171875 0.000000
vt 0.156250 0.437500
vt 0.187500 0.937500
vt 0.156250 0.893430
vt 0.156250 0.375000
vt 0.187500 0.875000
vt 0.156250 0.812500
vt 0.156250 0.312500
vt 0.156250 0.750000
vt 0.156250 0.250000
vt 0.156250 0.687500
vt 0.156250 0.187500
vt 0.156250 0.625000
vt 0.125000 0.750000
vt 0.125000 0.250000
vt 0.125000 0.687500
vt 0.125000 0.187500
vt 0.125000 0.625000
vt 0.125000 0.125000
vt 0.125000 0.562500
vt 0.125000 0.062500
vt 0.125000 0.500000
vt 0.140625 1.000000
vt 0.120969 0.953626
vt 0.140625 0.000000
vt 0.125000 0.437500
vt 0.156250 0.937500
vt 0.125000 0.893430
vt 0.125000 0.375000
vt 0.156250 0.875000
vt 0.125000 0.812500
vt 0.125000 0.312500
vt 0.093750 0.562500
vt 0.093750 0.500000
vt 0.109375 1.000000
vt 0.089719 0.953626
vt 0.109375 0.000000
vt 0.093750 0.062500
vt 0.093750 0.437500
vt 0.125000 0.937500
vt 0.093750 0.893430
vt 0.093750 0.375000
vt 0.125000 0.875000
vt 0.093750 0.812500
vt 0.093750 0.312500
vt 0.093750 0.750000
vt 0.093750 0.250000
vt 0.093750 0.687500
vt 0.093750 0.187500
vt 0.093750 0.625000
vt 0.093750 0.125000
vt 0.062500 0.250000
vt 0.062500 0.687500
vt 0.062500 0.187500
vt 0.062500 0.625000
vt 0.062500 0.125000
vt 0.062500 0.562500
vt 0.062500 0.062500
vt 0.062500 0.500000
vt 0.078125 1.000000
vt 0.058469 0.953626
vt 0.078125 0.000000
vt 0.062500 0.437500
vt 0.093750 0.937500
vt 0.062500 0.893430
vt 0.062500 0.375000
vt 0.093750 0.875000
vt 0.062500 0.812500
vt 0.062500 0.312500
vt 0.062500 0.750000
vt 0.046875 0.000000
vt 0.031250 0.062500
vt 0.031250 0.437500
vt 0.062500 0.937500
vt 0.031250 0.893430
vt 0.031250 0.375000
vt 0.062500 0.875000
vt 0.031250 0.812500
vt 0.031250 0.312500
vt 0.031250 0.750000
vt 0.031250 0.250000
vt 0.031250 0.687500
vt 0.031250 0.187500
vt 0.031250 0.625000
vt 0.031250 0.125000
vt 0.031250 0.562500
vt 0.031250 0.500000
vt 0.046875 1.000000
vt 0.027219 0.953626
vt 0.000000 0.250000
vt 0.000000 0.187500
vt 0.000000 0.625000
vt 0.000000 0.125000
vt 0.000000 0.562500
vt 0.000000 0.062500
vt 0.000000 0.500000
vt 0.015625 1.000000
vt 0.004031 0.953626
vt 0.015625 0.000000
vt 0.000000 0.437500
vt 0.031250 0.937500
vt 0.000000 0.893430
vt 0.000000 0.375000
vt 0.000000 0.875000
vt 0.000000 0.812500
vt 0.000000 0.312500
vt 0.000000 0.750000
vt 0.000000 0.687500
vt 1.000000 0.937500
vt 0.968750 0.893430
vt 1.000000 0.893430
vt 1.000000 0.437500
vt 0.968750 0.375000
vt 1.000000 0.375000
vt 1.000000 0.812500
vt 0.968750 0.875000
vt 0.968750 0.812500
vt 1.000000 0.312500
vt 0.968750 0.312500
vt 0.968750 0.750000
vt 1.000000 0.750000
vt 0.968750 0.250000
vt 1.000000 0.250000
vt 1.000000 0.687500
vt 0.968750 0.687500
vt 1.000000 0.187500
vt 0.968750 0.187500
vt 0.968750 0.625000
vt 1.000000 0.625000
vt 0.968750 0.125000
vt 1.000000 0.125000
vt 1.000000 0.562500
vt 0.968750 0.562500
vt 0.968750 0.062500
vt 1.000000 0.062500
vt 1.000000 0.500000
vt 0.968750 0.500000
vt 0.995969 0.953626
vt 0.984375 1.000000
vt 0.964719 0.953626
vt 0.984375 0.000000
vt 0.968750 0.437500
vt 0.937500 0.625000
vt 0.937500 0.125000
vt 0.937500 0.562500
vt 0.937500 0.062500
vt 0.937500 0.500000
vt 0.953125 1.000000
vt 0.933469 0.953626
vt 0.953125 0.000000
vt 0.937500 0.437500
vt 0.937500 0.937500
vt 0.937500 0.893430
vt 0.937500 0.375000
vt 0.937500 0.875000
vt 0.937500 0.812500
vt 0.937500 0.312500
vt 0.937500 0.750000
vt 0.937500 0.250000
vt 0.937500 0.687500
vt 0.937500 0.187500
vt 0.906250 0.375000
vt 0.906250 0.812500
vt 0.906250 0.312500
vt 0.906250 0.750000
vt 0.906250 0.250000
vt 0.906250 0.687500
vt 0.906250 0.187500
vt 0.906250 0.625000
vt 0.906250 0.125000
vt 0.906250 0.562500
vt 0.906250 0.062500
vt 0.906250 0.500000
vt 0.921875 1.000000
vt 0.902219 0.953626
vt 0.921875 0.000000
vt 0.906250 0.437500
vt 0.906250 0.893430
vt 0.875000 0.125000
vt 0.875000 0.625000
vt 0.875000 0.562500
vt 0.875000 0.062500
vt 0.875000 0.500000
vt 0.890625 1.000000
vt 0.870969 0.953626
vt 0.890625 0.000000
vt 0.875000 0.437500
vt 0.906250 0.937500
vt 0.875000 0.893429
vt 0.875000 0.375000
vt 0.875000 0.875000
vt 0.875000 0.812500
vt 0.875000 0.312500
vt 0.875000 0.750000
vt 0.875000 0.250000
vt 0.875000 0.687500
vt 0.875000 0.187500
vt 0.843750 0.875000
vt 0.843750 0.812500
vt 0.843750 0.375000
vt 0.843750 0.312500
vt 0.843750 0.750000
vt 0.843750 0.250000
vt 0.843750 0.687500
vt 0.843750 0.187500
vt 0.843750 0.625000
vt 0.843750 0.125000
vt 0.843750 0.562500
vt 0.843750 0.062500
vt 0.843750 0.500000
vt 0.859375 1.000000
vt 0.839719 0.953626
vt 0.859375 0.000000
vt 0.843750 0.437500
vt 0.875000 0.937500
vt 0.843750 0.893430
vt 0.812500 0.625000
vt 0.812500 0.562500
vt 0.812500 0.062500
vt 0.812500 0.500000
vt 0.828125 1.000000
vt 0.808469 0.953626
vt 0.828125 0.000000
vt 0.812500 0.437500
vt 0.843750 0.937500
vt 0.812500 0.893430
vt 0.812500 0.375000
vt 0.812500 0.812500
vt 0.812500 0.312500
vt 0.812500 0.750000
vt 0.812500 0.250000
vt 0.812500 0.687500
vt 0.812500 0.187500
vt 0.812500 0.125000
vt 0.781250 0.375000
vt 0.781250 0.312500
vt 0.781250 0.750000
vt 0.781250 0.250000
vt 0.781250 0.687500
vt 0.781250 0.187500
vt 0.781250 0.625000
vt 0.781250 0.125000
vt 0.781250 0.562500
vt 0.781250 0.062500
vt 0.781250 0.500000
vt 0.796875 1.000000
vt 0.777219 0.953626
vt 0.796875 0.000000
vt 0.781250 0.437500
vt 0.812500 0.937500
vt 0.781250 0.893430
vt 0.781250 0.875000
vt 0.781250 0.812500
vt 0.765625 1.000000
vt 0.765625 0.000000
vt 0.750000 0.937500
vt 0.750000 0.875000
vt 0.281250 0.937500
vt 0.968750 0.937500
vt 0.781250 0.937500
vt 0.812500 0.875000
vt 0.906250 0.875000
vt 1.000000 0.875000
vt 0.031250 0.875000
vt 0.281250 0.875000
vt 0.375000 0.875000
vt 0.468750 0.875000
vt 0.000000 0.937500
s 1
usemtl Material.004
f 474/7/474 1/8/1 9/9/9
f 9/9/9 1/41/1 24/42/24
f 24/42/24 1/66/1 39/67/39
f 39/67/39 1/76/1 54/77/54
f 54/77/54 1/101/1 69/102/69
f 69/102/69 1/113/1 84/114/84
f 84/114/84 1/137/1 99/138/99
f 99/138/99 1/149/1 114/150/114
f 114/150/114 1/175/1 129/176/129
f 129/176/129 1/185/1 144/186/144
f 144/186/144 1/213/1 159/214/159
f 159/214/159 1/238/1 174/239/174
f 174/239/174 1/248/1 189/249/189
f 189/249/189 1/272/1 204/273/204
f 204/273/204 1/283/1 219/284/219
f 219/284/219 1/310/1 234/311/234
f 234/311/234 1/320/1 249/321/249
f 249/321/249 1/344/1 264/345/264
f 264/345/264 1/356/1 279/357/279
f 279/357/279 1/380/1 294/381/294
f 294/381/294 1/392/1 309/393/309
f 309/393/309 1/417/1 324/418/324
f 324/418/324 1/445/1 339/446/339
f 339/446/339 1/454/1 354/455/354
f 354/495/354 1/496/1 369/497/369
f 369/497/369 1/505/1 384/506/384
f 384/506/384 1/531/1 399/532/399
f 399/532/399 1/541/1 414/542/414
f 414/542/414 1/568/1 429/569/429
f 429/569/429 1/578/1 444/579/444
f 444/579/444 1/603/1 459/604/459
f 459/604/459 1/611/1 474/7/474
f 24/42/24 484/14/484 9/9/9
f 39/67/39 483/45/483 24/42/24
f 54/77/54 485/80/485 39/67/39
f 69/102/69 486/105/486 54/77/54
f 84/114/84 487/117/487 69/102/69
f 99/138/99 488/141/488 84/114/84
f 114/150/114 489/154/489 99/138/99
f 114/150/114 491/190/491 490/179/490
f 129/176/129 492/217/492 491/190/491
f 144/186/144 493/224/493 492/217/492
f 159/214/159 494/252/494 493/224/493
f 174/239/174 495/276/495 494/252/494
f 189/249/189 496/287/496 495/276/495
f 204/273/204 497/615/497 496/287/496
f 219/284/219 498/314/498 497/615/497
f 249/321/249 498/314/498 234/311/234
f 264/345/264 499/348/499 249/321/249
f 279/357/279 500/360/500 264/345/264
f 294/381/294 501/384/501 279/357/279
f 309/393/309 502/397/502 294/381/294
f 324/418/324 503/421/503 309/393/309
f 339/446/339 504/431/504 324/418/324
f 354/455/354 505/458/505 339/446/339
f 354/495/354 507/616/507 506/466/506
f 369/497/369 508/509/508 507/616/507
f 384/506/384 509/545/509 508/509/508
f 399/532/399 510/572/510 509/545/509
f 414/542/414 511/582/511 510/572/510
f 429/569/429 512/607/512 511/582/511
f 444/579/444 513/617/513 512/607/512
f 459/604/459 514/613/514 513/617/513
f 9/9/9 514/613/514 474/7/474
f 24/42/24 483/45/483 484/14/484
f 39/67/39 485/80/485 483/45/483
f 54/77/54 486/105/486 485/80/485
f 69/102/69 487/117/487 486/105/486
f 84/114/84 488/141/488 487/117/487
f 99/138/99 489/154/489 488/141/488
f 114/150/114 490/179/490 489/154/489
f 114/150/114 129/176/129 491/190/491
f 129/176/129 144/186/144 492/217/492
f 144/186/144 159/214/159 493/224/493
f 159/214/159 174/239/174 494/252/494
f 174/239/174 189/249/189 495/276/495
f 189/249/189 204/273/204 496/287/496
f 204/273/204 219/284/219 497/615/497
f 219/284/219 234/311/234 498/314/498
f 249/321/249 499/348/499 498/314/498
f 264/345/264 500/360/500 499/348/499
f 279/357/279 501/384/501 500/360/500
f 294/381/294 502/397/502 501/384/501
f 309/393/309 503/421/503 502/397/502
f 324/418/324 504/431/504 503/421/503
f 339/446/339 505/458/505 504/431/504
f 354/455/354 506/625/506 505/458/505
f 354/495/354 369/497/369 507/616/507
f 369/497/369 384/506/384 508/509/508
f 384/506/384 399/532/399 509/545/509
f 399/532/399 414/542/414 510/572/510
f 414/542/414 429/569/429 511/582/511
f 429/569/429 444/579/444 512/607/512
f 444/579/444 459/604/459 513/617/513
f 459/604/459 474/7/474 514/613/514
f 9/9/9 484/14/484 514/613/514
usemtl Material.006
f 546/13/546 484/14/484 515/15/515
f 515/15/515 483/45/483 516/46/516
f 483/45/483 517/70/517 516/46/516
f 485/80/485 518/81/518 517/70/517
f 486/105/486 519/106/519 518/81/518
f 487/117/487 520/118/520 519/106/519
f 488/141/488 521/142/521 520/118/520
f 489/154/489 522/155/522 521/142/521
f 490/179/490 523/180/523 522/155/522
f 491/190/491 524/191/524 523/180/523
f 492/217/492 525/218/525 524/191/524
f 493/224/493 526/225/526 525/218/525
f 494/252/494 527/253/527 526/225/526
f 495/276/495 528/277/528 527/253/527
f 496/287/496 529/288/529 528/277/528
f 529/288/529 498/314/498 530/315/530
f 498/314/498 531/324/531 530/315/530
f 499/348/499 532/349/532 531/324/531
f 500/360/500 533/361/533 532/349/532
f 501/384/501 534/385/534 533/361/533
f 502/397/502 535/398/535 534/385/534
f 503/421/503 536/422/536 535/398/535
f 504/431/504 537/432/537 536/422/536
f 505/458/505 538/459/538 537/432/537
f 506/466/506 539/467/539 538/468/538
f 539/467/539 508/509/508 540/510/540
f 508/509/508 541/535/541 540/510/540
f 509/545/509 542/546/542 541/535/541
f 510/572/510 543/573/543 542/546/542
f 511/582/511 544/583/544 543/573/543
f 512/607/512 545/608/545 544/583/544
f 545/608/545 514/613/514 546/13/546
f 545/608/545 475/614/475 460/609/460
f 445/618/445 545/608/545 460/609/460
f 430/555/430 544/583/544 445/618/445
f 542/546/542 430/555/430 415/548/415
f 541/535/541 415/548/415 400/619/400
f 540/510/540 400/619/400 385/512/385
f 370/473/370 540/510/540 385/512/385
f 355/620/355 539/467/539 370/473/370
f 340/621/340 538/459/538 355/461/355
f 536/422/536 340/621/340 325/434/325
f 535/398/535 325/434/325 310/424/310
f 534/385/534 310/424/310 295/400/295
f 533/361/533 295/400/295 280/387/280
f 532/349/532 280/387/280 265/363/265
f 250/350/250 532/349/532 265/363/265
f 235/297/235 531/324/531 250/350/250
f 220/622/220 530/315/530 235/297/235
f 528/277/528 220/622/220 205/290/205
f 527/253/527 205/290/205 190/255/190
f 175/623/175 527/253/527 190/255/190
f 525/218/525 175/623/175 160/220/160
f 524/191/524 160/220/160 145/193/145
f 130/624/130 524/191/524 145/193/145
f 115/182/115 523/180/523 130/624/130
f 521/142/521 115/182/115 100/157/100
f 85/144/85 521/142/521 100/157/100
f 519/106/519 85/144/85 70/120/70
f 518/81/518 70/120/70 55/107/55
f 517/70/517 55/107/55 40/83/40
f 25/54/25 517/70/517 40/83/40
f 515/15/515 25/54/25 10/19/10
f 475/614/475 515/15/515 10/19/10
f 546/13/546 514/613/514 484/14/484
f 515/15/515 484/14/484 483/45/483
f 483/45/483 485/80/485 517/70/517
f 485/80/485 486/105/486 518/81/518
f 486/105/486 487/117/487 519/106/519
f 487/117/487 488/141/488 520/118/520
f 488/141/488 489/154/489 521/142/521
f 489/154/489 490/179/490 522/155/522
f 490/179/490 491/190/491 523/180/523
f 491/190/491 492/217/492 524/191/524
f 492/217/492 493/224/493 525/218/525
f 493/224/493 494/252/494 526/225/526
f 494/252/494 495/276/495 527/253/527
f 495/276/495 496/287/496 528/277/528
f 496/287/496 497/615/497 529/288/529
f 529/288/529 497/615/497 498/314/498
f 498/314/498 499/348/499 531/324/531
f 499/348/499 500/360/500 532/349/532
f 500/360/500 501/384/501 533/361/533
f 501/384/501 502/397/502 534/385/534
f 502/397/502 503/421/503 535/398/535
f 503/421/503 504/431/504 536/422/536
f 504/431/504 505/458/505 537/432/537
f 505/458/505 506/625/506 538/459/538
f 506/466/506 507/616/507 539/467/539
f 539/467/539 507/616/507 508/509/508
f 508/509/508 509/545/509 541/535/541
f 509/545/509 510/572/510 542/546/542
f 510/572/510 511/582/511 543/573/543
f 511/582/511 512/607/512 544/583/544
f 512/607/512 513/617/513 545/608/545
f 545/608/545 513/617/513 514/613/514
f 545/608/545 546/13/546 475/614/475
f 445/618/445 544/583/544 545/608/545
f 430/555/430 543/573/543 544/583/544
f 542/546/542 543/573/543 430/555/430
f 541/535/541 542/546/542 415/548/415
f 540/510/540 541/535/541 400/619/400
f 370/473/370 539/467/539 540/510/540
f 355/620/355 538/468/538 539/467/539
f 340/621/340 537/432/537 538/459/538
f 536/422/536 537/432/537 340/621/340
f 535/398/535 536/422/536 325/434/325
f 534/385/534 535/398/535 310/424/310
f 533/361/533 534/385/534 295/400/295
f 532/349/532 533/361/533 280/387/280
f 250/350/250 531/324/531 532/349/532
f 235/297/235 530/315/530 531/324/531
f 220/622/220 529/288/529 530/315/530
f 528/277/528 529/288/529 220/622/220
f 527/253/527 528/277/528 205/290/205
f 175/623/175 526/225/526 527/253/527
f 525/218/525 526/225/526 175/623/175
f 524/191/524 525/218/525 160/220/160
f 130/624/130 523/180/523 524/191/524
f 115/182/115 522/155/522 523/180/523
f 521/142/521 522/155/522 115/182/115
f 85/144/85 520/118/520 521/142/521
f 519/106/519 520/118/520 85/144/85
f 518/81/518 519/106/519 70/120/70
f 517/70/517 518/81/518 55/107/55
f 25/54/25 516/46/516 517/70/517
f 515/15/515 516/46/516 25/54/25
f 475/614/475 546/13/546 515/15/515
usemtl Material.005
f 481/1/481 23/2/23 482/3/482
f 4/4/4 16/5/16 5/6/5
f 8/10/8 482/3/482 23/2/23
f 5/6/5 17/11/17 6/12/6
f 6/12/6 18/16/18 478/17/478
f 2/18/2 10/19/10 11/20/11
f 478/17/478 19/21/19 7/22/7
f 476/23/476 11/20/11 12/24/12
f 7/22/7 20/25/20 479/26/479
f 3/27/3 12/24/12 13/28/13
f 479/26/479 21/29/21 480/30/480
f 477/31/477 13/28/13 14/32/14
f 480/30/480 22/33/22 481/1/481
f 4/4/4 14/32/14 15/34/15
f 13/28/13 29/35/29 14/32/14
f 22/33/22 36/36/36 37/37/37
f 15/34/15 29/35/29 30/38/30
f 22/33/22 38/39/38 23/2/23
f 15/34/15 31/40/31 16/5/16
f 8/43/8 23/2/23 38/39/38
f 16/5/16 32/44/32 17/11/17
f 17/11/17 33/47/33 18/16/18
f 10/19/10 26/48/26 11/20/11
f 18/16/18 34/49/34 19/21/19
f 11/20/11 27/50/27 12/24/12
f 19/21/19 35/51/35 20/25/20
f 12/24/12 28/52/28 13/28/13
f 21/29/21 35/51/35 36/36/36
f 32/44/32 48/53/48 33/47/33
f 25/54/25 41/55/41 26/48/26
f 34/49/34 48/53/48 49/56/49
f 26/48/26 42/57/42 27/50/27
f 35/51/35 49/56/49 50/58/50
f 27/50/27 43/59/43 28/52/28
f 36/36/36 50/58/50 51/60/51
f 28/52/28 44/61/44 29/35/29
f 36/36/36 52/62/52 37/37/37
f 29/35/29 45/63/45 30/38/30
f 37/37/37 53/64/53 38/39/38
f 30/38/30 46/65/46 31/40/31
f 8/68/8 38/39/38 53/64/53
f 32/44/32 46/65/46 47/69/47
f 51/60/51 67/71/67 52/62/52
f 45/63/45 59/72/59 60/73/60
f 52/62/52 68/74/68 53/64/53
f 46/65/46 60/73/60 61/75/61
f 8/78/8 53/64/53 68/74/68
f 46/65/46 62/79/62 47/69/47
f 47/69/47 63/82/63 48/53/48
f 40/83/40 56/84/56 41/55/41
f 49/56/49 63/82/63 64/85/64
f 41/55/41 57/86/57 42/57/42
f 49/56/49 65/87/65 50/58/50
f 42/57/42 58/88/58 43/59/43
f 50/58/50 66/89/66 51/60/51
f 43/59/43 59/72/59 44/61/44
f 64/85/64 78/90/78 79/91/79
f 56/84/56 72/92/72 57/86/57
f 64/85/64 80/93/80 65/87/65
f 58/88/58 72/92/72 73/94/73
f 65/87/65 81/95/81 66/89/66
f 58/88/58 74/96/74 59/72/59
f 67/71/67 81/95/81 82/97/82
f 60/73/60 74/96/74 75/98/75
f 67/71/67 83/99/83 68/74/68
f 61/75/61 75/98/75 76/100/76
f 8/103/8 68/74/68 83/99/83
f 61/75/61 77/104/77 62/79/62
f 62/79/62 78/90/78 63/82/63
f 55/107/55 71/108/71 56/84/56
f 83/99/83 97/109/97 98/110/98
f 76/100/76 90/111/90 91/112/91
f 8/115/8 83/99/83 98/110/98
f 76/100/76 92/116/92 77/104/77
f 77/104/77 93/119/93 78/90/78
f 70/120/70 86/121/86 71/108/71
f 79/91/79 93/119/93 94/122/94
f 71/108/71 87/123/87 72/92/72
f 79/91/79 95/124/95 80/93/80
f 73/94/73 87/123/87 88/125/88
f 80/93/80 96/126/96 81/95/81
f 73/94/73 89/127/89 74/96/74
f 81/95/81 97/109/97 82/97/82
f 75/98/75 89/127/89 90/111/90
f 86/121/86 102/128/102 87/123/87
f 94/122/94 110/129/110 95/124/95
f 88/125/88 102/128/102 103/130/103
f 96/126/96 110/129/110 111/131/111
f 88/125/88 104/132/104 89/127/89
f 97/109/97 111/131/111 112/133/112
f 90/111/90 104/132/104 105/134/105
f 97/109/97 113/135/113 98/110/98
f 91/112/91 105/134/105 106/136/106
f 8/139/8 98/110/98 113/135/113
f 91/112/91 107/140/107 92/116/92
f 92/116/92 108/143/108 93/119/93
f 85/144/85 101/145/101 86/121/86
f 94/122/94 108/143/108 109/146/109
f 106/136/106 120/147/120 121/148/121
f 8/151/8 113/135/113 128/152/128
f 106/136/106 122/153/122 107/140/107
f 107/140/107 123/156/123 108/143/108
f 100/157/100 116/158/116 101/145/101
f 109/146/109 123/156/123 124/159/124
f 101/145/101 117/160/117 102/128/102
f 109/146/109 125/161/125 110/129/110
f 103/130/103 117/160/117 118/162/118
f 111/131/111 125/161/125 126/163/126
f 103/130/103 119/164/119 104/132/104
f 111/131/111 127/165/127 112/133/112
f 105/134/105 119/164/119 120/147/120
f 112/133/112 128/152/128 113/135/113
f 124/159/124 140/166/140 125/161/125
f 118/162/118 132/167/132 133/168/133
f 126/163/126 140/166/140 141/169/141
f 118/162/118 134/170/134 119/164/119
f 126/163/126 142/171/142 127/165/127
f 120/147/120 134/170/134 135/172/135
f 127/165/127 143/173/143 128/152/128
f 121/148/121 135/172/135 136/174/136
f 8/177/8 128/152/128 143/173/143
f 121/148/121 137/178/137 122/153/122
f 122/153/122 138/181/138 123/156/123
f 115/182/115 131/183/131 116/158/116
f 124/159/124 138/181/138 139/184/139
f 116/158/116 132/167/132 117/160/117
f 8/187/8 143/173/143 158/188/158
f 136/174/136 152/189/152 137/178/137
f 137/178/137 153/192/153 138/181/138
f 131/183/131 145/193/145 146/194/146
f 139/184/139 153/192/153 154/195/154
f 131/183/131 147/196/147 132/167/132
f 139/184/139 155/197/155 140/166/140
f 133/168/133 147/196/147 148/198/148
f 141/169/141 155/197/155 156/199/156
f 133/168/133 149/200/149 134/170/134
f 141/169/141 157/201/157 142/171/142
f 135/172/135 149/200/149 150/202/150
f 143/173/143 157/201/157 158/188/158
f 136/174/136 150/202/150 151/203/151
f 148/198/148 162/204/162 163/205/163
f 156/199/156 170/206/170 171/207/171
f 148/198/148 164/208/164 149/200/149
f 156/199/156 172/209/172 157/201/157
f 150/202/150 164/208/164 165/210/165
f 157/201/157 173/211/173 158/188/158
f 151/203/151 165/210/165 166/212/166
f 8/215/8 158/188/158 173/211/173
f 151/203/151 167/216/167 152/189/152
f 152/189/152 168/219/168 153/192/153
f 146/194/146 160/220/160 161/221/161
f 154/195/154 168/219/168 169/222/169
f 146/194/146 162/204/162 147/196/147
f 154/195/154 170/206/170 155/197/155
f 166/212/166 182/223/182 167/216/167
f 167/216/167 183/226/183 168/219/168
f 160/220/160 176/227/176 161/221/161
f 169/222/169 183/226/183 184/228/184
f 161/221/161 177/229/177 162/204/162
f 169/222/169 185/230/185 170/206/170
f 163/205/163 177/229/177 178/231/178
f 170/206/170 186/232/186 171/207/171
f 163/205/163 179/233/179 164/208/164
f 172/209/172 186/232/186 187/234/187
f 165/210/165 179/233/179 180/235/180
f 173/211/173 187/234/187 188/236/188
f 166/212/166 180/235/180 181/237/181
f 8/240/8 173/211/173 188/236/188
f 186/232/186 200/241/200 201/242/201
f 178/231/178 194/243/194 179/233/179
f 186/232/186 202/244/202 187/234/187
f 180/235/180 194/243/194 195/245/195
f 187/234/187 203/246/203 188/236/188
f 181/237/181 195/245/195 196/247/196
f 8/250/8 188/236/188 203/246/203
f 181/237/181 197/251/197 182/223/182
f 182/223/182 198/254/198 183/226/183
f 176/227/176 190/255/190 191/256/191
f 184/228/184 198/254/198 199/257/199
f 176/227/176 192/258/192 177/229/177
f 184/228/184 200/241/200 185/230/185
f 178/231/178 192/258/192 193/259/193
f 197/251/197 213/260/213 198/254/198
f 190/255/190 206/261/206 191/256/191
f 199/257/199 213/260/213 214/262/214
f 191/256/191 207/263/207 192/258/192
f 199/257/199 215/264/215 200/241/200
f 193/259/193 207/263/207 208/265/208
f 201/242/201 215/264/215 216/266/216
f 193/259/193 209/267/209 194/243/194
f 201/242/201 217/268/217 202/244/202
f 195/245/195 209/267/209 210/269/210
f 202/244/202 218/270/218 203/246/203
f 196/247/196 210/269/210 211/271/211
f 8/274/8 203/246/203 218/270/218
f 196/247/196 212/275/212 197/251/197
f 216/266/216 232/278/232 217/268/217
f 210/269/210 224/279/224 225/280/225
f 217/268/217 233/281/233 218/270/218
f 211/271/211 225/280/225 226/282/226
f 8/285/8 218/270/218 233/281/233
f 211/271/211 227/286/227 212/275/212
f 212/275/212 228/289/228 213/260/213
f 205/290/205 221/291/221 206/261/206
f 214/262/214 228/289/228 229/292/229
f 206/261/206 222/293/222 207/263/207
f 214/262/214 230/294/230 215/264/215
f 208/265/208 222/293/222 223/295/223
f 216/266/216 230/294/230 231/296/231
f 208/265/208 224/279/224 209/267/209
f 221/291/221 235/297/235 236/298/236
f 229/292/229 243/299/243 244/300/244
f 221/291/221 237/301/237 222/293/222
f 229/292/229 245/302/245 230/294/230
f 223/295/223 237/301/237 238/303/238
f 231/296/231 245/302/245 246/304/246
f 223/295/223 239/305/239 224/279/224
f 231/296/231 247/306/247 232/278/232
f 225/280/225 239/305/239 240/307/240
f 233/281/233 247/306/247 248/308/248
f 226/282/226 240/307/240 241/309/241
f 8/312/8 233/281/233 248/308/248
f 226/282/226 242/313/242 227/286/227
f 227/286/227 243/299/243 228/289/228
f 240/307/240 254/316/254 255/317/255
f 247/306/247 263/318/263 248/308/248
f 241/309/241 255/317/255 256/319/256
f 8/322/8 248/308/248 263/318/263
f 241/309/241 257/323/257 242/313/242
f 242/313/242 258/325/258 243/299/243
f 235/297/235 251/326/251 236/298/236
f 244/300/244 258/325/258 259/327/259
f 236/298/236 252/328/252 237/301/237
f 244/300/244 260/329/260 245/302/245
f 238/303/238 252/328/252 253/330/253
f 246/304/246 260/329/260 261/331/261
f 238/303/238 254/316/254 239/305/239
f 246/304/246 262/332/262 247/306/247
f 259/327/259 273/333/273 274/334/274
f 251/326/251 267/335/267 252/328/252
f 259/327/259 275/336/275 260/329/260
f 253/330/253 267/335/267 268/337/268
f 261/331/261 275/336/275 276/338/276
f 253/330/253 269/339/269 254/316/254
f 261/331/261 277/340/277 262/332/262
f 255/317/255 269/339/269 270/341/270
f 262/332/262 278/342/278 263/318/263
f 256/319/256 270/341/270 271/343/271
f 8/346/8 263/318/263 278/342/278
f 256/319/256 272/347/272 257/323/257
f 257/323/257 273/333/273 258/325/258
f 250/350/250 266/351/266 251/326/251
f 278/342/278 292/352/292 293/353/293
f 271/343/271 285/354/285 286/355/286
f 8/358/8 278/342/278 293/353/293
f 271/343/271 287/359/287 272/347/272
f 272/347/272 288/362/288 273/333/273
f 265/363/265 281/364/281 266/351/266
f 274/334/274 288/362/288 289/365/289
f 266/351/266 282/366/282 267/335/267
f 274/334/274 290/367/290 275/336/275
f 268/337/268 282/366/282 283/368/283
f 276/338/276 290/367/290 291/369/291
f 268/337/268 284/370/284 269/339/269
f 276/338/276 292/352/292 277/340/277
f 270/341/270 284/370/284 285/354/285
f 281/364/281 297/371/297 282/366/282
f 289/365/289 305/372/305 290/367/290
f 283/368/283 297/371/297 298/373/298
f 291/369/291 305/372/305 306/374/306
f 283/368/283 299/375/299 284/370/284
f 291/369/291 307/376/307 292/352/292
f 285/354/285 299/375/299 300/377/300
f 293/353/293 307/376/307 308/378/308
f 286/355/286 300/377/300 301/379/301
f 8/382/8 293/353/293 308/378/308
f 286/355/286 302/383/302 287/359/287
f 287/359/287 303/386/303 288/362/288
f 280/387/280 296/388/296 281/364/281
f 289/365/289 303/386/303 304/389/304
f 301/379/301 315/390/315 316/391/316
f 8/394/8 308/378/308 323/395/323
f 301/379/301 317/396/317 302/383/302
f 302/383/302 318/399/318 303/386/303
f 295/400/295 311/401/311 296/388/296
f 304/389/304 318/399/318 319/402/319
f 296/388/296 312/403/312 297/371/297
f 304/389/304 320/404/320 305/372/305
f 298/373/298 312/403/312 313/405/313
f 306/374/306 320/404/320 321/406/321
f 298/373/298 314/407/314 299/375/299
f 306/374/306 322/408/322 307/376/307
f 300/377/300 314/407/314 315/390/315
f 307/376/307 323/395/323 308/378/308
f 319/402/319 335/409/335 320/404/320
f 312/403/312 328/410/328 313/405/313
f 321/406/321 335/409/335 336/411/336
f 313/405/313 329/412/329 314/407/314
f 321/406/321 337/413/337 322/408/322
f 315/390/315 329/412/329 330/414/330
f 322/408/322 338/415/338 323/395/323
f 316/391/316 330/414/330 331/416/331
f 8/419/8 323/395/323 338/415/338
f 316/391/316 332/420/332 317/396/317
f 317/396/317 333/423/333 318/399/318
f 310/424/310 326/425/326 311/401/311
f 319/402/319 333/423/333 334/426/334
f 311/401/311 327/427/327 312/403/312
f 8/428/8 338/415/338 353/429/353
f 331/416/331 347/430/347 332/420/332
f 332/420/332 348/433/348 333/423/333
f 325/434/325 341/435/341 326/425/326
f 334/426/334 348/433/348 349/436/349
f 326/425/326 342/437/342 327/427/327
f 334/426/334 350/438/350 335/409/335
f 328/410/328 342/437/342 343/439/343
f 336/411/336 350/438/350 351/440/351
f 328/410/328 344/441/344 329/412/329
f 336/411/336 352/442/352 337/413/337
f 330/414/330 344/441/344 345/443/345
f 337/413/337 353/429/353 338/415/338
f 331/416/331 345/443/345 346/444/346
f 351/440/351 365/447/365 366/448/366
f 343/439/343 359/449/359 344/441/344
f 351/440/351 367/450/367 352/442/352
f 345/443/345 359/449/359 360/451/360
f 352/442/352 368/452/368 353/429/353
f 346/444/346 360/451/360 361/453/361
f 8/456/8 353/429/353 368/452/368
f 346/444/346 362/457/362 347/430/347
f 347/430/347 363/460/363 348/433/348
f 341/435/341 355/461/355 356/462/356
f 349/436/349 363/460/363 364/463/364
f 341/435/341 357/464/357 342/437/342
f 349/436/349 365/447/365 350/438/350
f 343/439/343 357/464/357 358/465/358
f 362/469/362 378/470/378 363/471/363
f 356/472/356 370/473/370 371/474/371
f 364/475/364 378/470/378 379/476/379
f 356/472/356 372/477/372 357/478/357
f 364/475/364 380/479/380 365/480/365
f 358/481/358 372/477/372 373/482/373
f 366/483/366 380/479/380 381/484/381
f 358/481/358 374/485/374 359/486/359
f 366/483/366 382/487/382 367/488/367
f 360/489/360 374/485/374 375/490/375
f 367/488/367 383/491/383 368/492/368
f 361/493/361 375/490/375 376/494/376
f 8/498/8 368/492/368 383/491/383
f 361/493/361 377/499/377 362/469/362
f 373/482/373 389/500/389 374/485/374
f 381/484/381 397/501/397 382/487/382
f 375/490/375 389/500/389 390/502/390
f 382/487/382 398/503/398 383/491/383
f 376/494/376 390/502/390 391/504/391
f 8/507/8 383/491/383 398/503/398
f 376/494/376 392/508/392 377/499/377
f 377/499/377 393/511/393 378/470/378
f 371/474/371 385/512/385 386/513/386
f 379/476/379 393/511/393 394/514/394
f 371/474/371 387/515/387 372/477/372
f 379/476/379 395/516/395 380/479/380
f 373/482/373 387/515/387 388/517/388
f 381/484/381 395/516/395 396/518/396
f 392/508/392 408/519/408 393/511/393
f 385/512/385 401/520/401 386/513/386
f 394/514/394 408/519/408 409/521/409
f 386/513/386 402/522/402 387/515/387
f 394/514/394 410/523/410 395/516/395
f 388/517/388 402/522/402 403/524/403
f 396/518/396 410/523/410 411/525/411
f 388/517/388 404/526/404 389/500/389
f 397/501/397 411/525/411 412/527/412
f 390/502/390 404/526/404 405/528/405
f 397/501/397 413/529/413 398/503/398
f 391/504/391 405/528/405 406/530/406
f 8/533/8 398/503/398 413/529/413
f 391/504/391 407/534/407 392/508/392
f 411/525/411 427/536/427 412/527/412
f 405/528/405 419/537/419 420/538/420
f 412/527/412 428/539/428 413/529/413
f 406/530/406 420/538/420 421/540/421
f 8/543/8 413/529/413 428/539/428
f 406/530/406 422/544/422 407/534/407
f 407/534/407 423/547/423 408/519/408
f 401/520/401 415/548/415 416/549/416
f 409/521/409 423/547/423 424/550/424
f 401/520/401 417/551/417 402/522/402
f 409/521/409 425/552/425 410/523/410
f 403/524/403 417/551/417 418/553/418
f 411/525/411 425/552/425 426/554/426
f 403/524/403 419/537/419 404/526/404
f 416/549/416 430/555/430 431/556/431
f 424/550/424 438/557/438 439/558/439
f 416/549/416 432/559/432 417/551/417
f 424/550/424 440/560/440 425/552/425
f 418/553/418 432/559/432 433/561/433
f 426/554/426 440/560/440 441/562/441
f 418/553/418 434/563/434 419/537/419
f 426/554/426 442/564/442 427/536/427
f 420/538/420 434/563/434 435/565/435
f 427/536/427 443/566/443 428/539/428
f 421/540/421 435/565/435 436/567/436
f 8/570/8 428/539/428 443/566/443
f 421/540/421 437/571/437 422/544/422
f 422/544/422 438/557/438 423/547/423
f 435/565/435 449/574/449 450/575/450
f 442/564/442 458/576/458 443/566/443
f 436/567/436 450/575/450 451/577/451
f 8/580/8 443/566/443 458/576/458
f 436/567/436 452/581/452 437/571/437
f 437/571/437 453/584/453 438/557/438
f 430/555/430 446/585/446 431/556/431
f 439/558/439 453/584/453 454/586/454
f 431/556/431 447/587/447 432/559/432
f 439/558/439 455/588/455 440/560/440
f 433/561/433 447/587/447 448/589/448
f 441/562/441 455/588/455 456/590/456
f 433/561/433 449/574/449 434/563/434
f 441/562/441 457/591/457 442/564/442
f 454/586/454 468/592/468 469/593/469
f 446/585/446 462/594/462 447/587/447
f 454/586/454 470/595/470 455/588/455
f 448/589/448 462/594/462 463/596/463
f 456/590/456 470/595/470 471/597/471
f 448/589/448 464/598/464 449/574/449
f 456/590/456 472/599/472 457/591/457
f 450/575/450 464/598/464 465/600/465
f 458/576/458 472/599/472 473/601/473
f 451/577/451 465/600/465 466/602/466
f 8/605/8 458/576/458 473/601/473
f 451/577/451 467/606/467 452/581/452
f 452/581/452 468/592/468 453/584/453
f 446/585/446 460/609/460 461/610/461
f 472/599/472 482/3/482 473/601/473
f 466/602/466 4/4/4 5/6/5
f 8/612/8 473/601/473 482/3/482
f 466/602/466 6/12/6 467/606/467
f 467/606/467 478/17/478 468/592/468
f 461/610/461 475/614/475 2/18/2
f 468/592/468 7/22/7 469/593/469
f 462/594/462 2/18/2 476/23/476
f 469/593/469 479/26/479 470/595/470
f 463/596/463 476/23/476 3/27/3
f 471/597/471 479/26/479 480/30/480
f 464/598/464 3/27/3 477/31/477
f 471/597/471 481/1/481 472/599/472
f 465/600/465 477/31/477 4/4/4
f 481/1/481 22/33/22 23/2/23
f 4/4/4 15/34/15 16/5/16
f 5/6/5 16/5/16 17/11/17
f 6/12/6 17/11/17 18/16/18
f 2/18/2 475/614/475 10/19/10
f 478/17/478 18/16/18 19/21/19
f 476/23/476 2/18/2 11/20/11
f 7/22/7 19/21/19 20/25/20
f 3/27/3 476/23/476 12/24/12
f 479/26/479 20/25/20 21/29/21
f 477/31/477 3/27/3 13/28/13
f 480/30/480 21/29/21 22/33/22
f 4/4/4 477/31/477 14/32/14
f 13/28/13 28/52/28 29/35/29
f 22/33/22 21/29/21 36/36/36
f 15/34/15 14/32/14 29/35/29
f 22/33/22 37/37/37 38/39/38
f 15/34/15 30/38/30 31/40/31
f 16/5/16 31/40/31 32/44/32
f 17/11/17 32/44/32 33/47/33
f 10/19/10 25/54/25 26/48/26
f 18/16/18 33/47/33 34/49/34
f 11/20/11 26/48/26 27/50/27
f 19/21/19 34/49/34 35/51/35
f 12/24/12 27/50/27 28/52/28
f 21/29/21 20/25/20 35/51/35
f 32/44/32 47/69/47 48/53/48
f 25/54/25 40/83/40 41/55/41
f 34/49/34 33/47/33 48/53/48
f 26/48/26 41/55/41 42/57/42
f 35/51/35 34/49/34 49/56/49
f 27/50/27 42/57/42 43/59/43
f 36/36/36 35/51/35 50/58/50
f 28/52/28 43/59/43 44/61/44
f 36/36/36 51/60/51 52/62/52
f 29/35/29 44/61/44 45/63/45
f 37/37/37 52/62/52 53/64/53
f 30/38/30 45/63/45 46/65/46
f 32/44/32 31/40/31 46/65/46
f 51/60/51 66/89/66 67/71/67
f 45/63/45 44/61/44 59/72/59
f 52/62/52 67/71/67 68/74/68
f 46/65/46 45/63/45 60/73/60
f 46/65/46 61/75/61 62/79/62
f 47/69/47 62/79/62 63/82/63
f 40/83/40 55/107/55 56/84/56
f 49/56/49 48/53/48 63/82/63
f 41/55/41 56/84/56 57/86/57
f 49/56/49 64/85/64 65/87/65
f 42/57/42 57/86/57 58/88/58
f 50/58/50 65/87/65 66/89/66
f 43/59/43 58/88/58 59/72/59
f 64/85/64 63/82/63 78/90/78
f 56/84/56 71/108/71 72/92/72
f 64/85/64 79/91/79 80/93/80
f 58/88/58 57/86/57 72/92/72
f 65/87/65 80/93/80 81/95/81
f 58/88/58 73/94/73 74/96/74
f 67/71/67 66/89/66 81/95/81
f 60/73/60 59/72/59 74/96/74
f 67/71/67 82/97/82 83/99/83
f 61/75/61 60/73/60 75/98/75
f 61/75/61 76/100/76 77/104/77
f 62/79/62 77/104/77 78/90/78
f 55/107/55 70/120/70 71/108/71
f 83/99/83 82/97/82 97/109/97
f 76/100/76 75/98/75 90/111/90
f 76/100/76 91/112/91 92/116/92
f 77/104/77 92/116/92 93/119/93
f 70/120/70 85/144/85 86/121/86
f 79/91/79 78/90/78 93/119/93
f 71/108/71 86/121/86 87/123/87
f 79/91/79 94/122/94 95/124/95
f 73/94/73 72/92/72 87/123/87
f 80/93/80 95/124/95 96/126/96
f 73/94/73 88/125/88 89/127/89
f 81/95/81 96/126/96 97/109/97
f 75/98/75 74/96/74 89/127/89
f 86/121/86 101/145/101 102/128/102
f 94/122/94 109/146/109 110/129/110
f 88/125/88 87/123/87 102/128/102
f 96/126/96 95/124/95 110/129/110
f 88/125/88 103/130/103 104/132/104
f 97/109/97 96/126/96 111/131/111
f 90/111/90 89/127/89 104/132/104
f 97/109/97 112/133/112 113/135/113
f 91/112/91 90/111/90 105/134/105
f 91/112/91 106/136/106 107/140/107
f 92/116/92 107/140/107 108/143/108
f 85/144/85 100/157/100 101/145/101
f 94/122/94 93/119/93 108/143/108
f 106/136/106 105/134/105 120/147/120
f 106/136/106 121/148/121 122/153/122
f 107/140/107 122/153/122 123/156/123
f 100/157/100 115/182/115 116/158/116
f 109/146/109 108/143/108 123/156/123
f 101/145/101 116/158/116 117/160/117
f 109/146/109 124/159/124 125/161/125
f 103/130/103 102/128/102 117/160/117
f 111/131/111 110/129/110 125/161/125
f 103/130/103 118/162/118 119/164/119
f 111/131/111 126/163/126 127/165/127
f 105/134/105 104/132/104 119/164/119
f 112/133/112 127/165/127 128/152/128
f 124/159/124 139/184/139 140/166/140
f 118/162/118 117/160/117 132/167/132
f 126/163/126 125/161/125 140/166/140
f 118/162/118 133/168/133 134/170/134
f 126/163/126 141/169/141 142/171/142
f 120/147/120 119/164/119 134/170/134
f 127/165/127 142/171/142 143/173/143
f 121/148/121 120/147/120 135/172/135
f 121/148/121 136/174/136 137/178/137
f 122/153/122 137/178/137 138/181/138
f 115/182/115 130/624/130 131/183/131
f 124/159/124 123/156/123 138/181/138
f 116/158/116 131/183/131 132/167/132
f 136/174/136 151/203/151 152/189/152
f 137/178/137 152/189/152 153/192/153
f 131/183/131 130/624/130 145/193/145
f 139/184/139 138/181/138 153/192/153
f 131/183/131 146/194/146 147/196/147
f 139/184/139 154/195/154 155/197/155
f 133/168/133 132/167/132 147/196/147
f 141/169/141 140/166/140 155/197/155
f 133/168/133 148/198/148 149/200/149
f 141/169/141 156/199/156 157/201/157
f 135/172/135 134/170/134 149/200/149
f 143/173/143 142/171/142 157/201/157
f 136/174/136 135/172/135 150/202/150
f 148/198/148 147/196/147 162/204/162
f 156/199/156 155/197/155 170/206/170
f 148/198/148 163/205/163 164/208/164
f 156/199/156 171/207/171 172/209/172
f 150/202/150 149/200/149 164/208/164
f 157/201/157 172/209/172 173/211/173
f 151/203/151 150/202/150 165/210/165
f 151/203/151 166/212/166 167/216/167
f 152/189/152 167/216/167 168/219/168
f 146/194/146 145/193/145 160/220/160
f 154/195/154 153/192/153 168/219/168
f 146/194/146 161/221/161 162/204/162
f 154/195/154 169/222/169 170/206/170
f 166/212/166 181/237/181 182/223/182
f 167/216/167 182/223/182 183/226/183
f 160/220/160 175/623/175 176/227/176
f 169/222/169 168/219/168 183/226/183
f 161/221/161 176/227/176 177/229/177
f 169/222/169 184/228/184 185/230/185
f 163/205/163 162/204/162 177/229/177
f 170/206/170 185/230/185 186/232/186
f 163/205/163 178/231/178 179/233/179
f 172/209/172 171/207/171 186/232/186
f 165/210/165 164/208/164 179/233/179
f 173/211/173 172/209/172 187/234/187
f 166/212/166 165/210/165 180/235/180
f 186/232/186 185/230/185 200/241/200
f 178/231/178 193/259/193 194/243/194
f 186/232/186 201/242/201 202/244/202
f 180/235/180 179/233/179 194/243/194
f 187/234/187 202/244/202 203/246/203
f 181/237/181 180/235/180 195/245/195
f 181/237/181 196/247/196 197/251/197
f 182/223/182 197/251/197 198/254/198
f 176/227/176 175/623/175 190/255/190
f 184/228/184 183/226/183 198/254/198
f 176/227/176 191/256/191 192/258/192
f 184/228/184 199/257/199 200/241/200
f 178/231/178 177/229/177 192/258/192
f 197/251/197 212/275/212 213/260/213
f 190/255/190 205/290/205 206/261/206
f 199/257/199 198/254/198 213/260/213
f 191/256/191 206/261/206 207/263/207
f 199/257/199 214/262/214 215/264/215
f 193/259/193 192/258/192 207/263/207
f 201/242/201 200/241/200 215/264/215
f 193/259/193 208/265/208 209/267/209
f 201/242/201 216/266/216 217/268/217
f 195/245/195 194/243/194 209/267/209
f 202/244/202 217/268/217 218/270/218
f 196/247/196 195/245/195 210/269/210
f 196/247/196 211/271/211 212/275/212
f 216/266/216 231/296/231 232/278/232
f 210/269/210 209/267/209 224/279/224
f 217/268/217 232/278/232 233/281/233
f 211/271/211 210/269/210 225/280/225
f 211/271/211 226/282/226 227/286/227
f 212/275/212 227/286/227 228/289/228
f 205/290/205 220/622/220 221/291/221
f 214/262/214 213/260/213 228/289/228
f 206/261/206 221/291/221 222/293/222
f 214/262/214 229/292/229 230/294/230
f 208/265/208 207/263/207 222/293/222
f 216/266/216 215/264/215 230/294/230
f 208/265/208 223/295/223 224/279/224
f 221/291/221 220/622/220 235/297/235
f 229/292/229 228/289/228 243/299/243
f 221/291/221 236/298/236 237/301/237
f 229/292/229 244/300/244 245/302/245
f 223/295/223 222/293/222 237/301/237
f 231/296/231 230/294/230 245/302/245
f 223/295/223 238/303/238 239/305/239
f 231/296/231 246/304/246 247/306/247
f 225/280/225 224/279/224 239/305/239
f 233/281/233 232/278/232 247/306/247
f 226/282/226 225/280/225 240/307/240
f 226/282/226 241/309/241 242/313/242
f 227/286/227 242/313/242 243/299/243
f 240/307/240 239/305/239 254/316/254
f 247/306/247 262/332/262 263/318/263
f 241/309/241 240/307/240 255/317/255
f 241/309/241 256/319/256 257/323/257
f 242/313/242 257/323/257 258/325/258
f 235/297/235 250/350/250 251/326/251
f 244/300/244 243/299/243 258/325/258
f 236/298/236 251/326/251 252/328/252
f 244/300/244 259/327/259 260/329/260
f 238/303/238 237/301/237 252/328/252
f 246/304/246 245/302/245 260/329/260
f 238/303/238 253/330/253 254/316/254
f 246/304/246 261/331/261 262/332/262
f 259/327/259 258/325/258 273/333/273
f 251/326/251 266/351/266 267/335/267
f 259/327/259 274/334/274 275/336/275
f 253/330/253 252/328/252 267/335/267
f 261/331/261 260/329/260 275/336/275
f 253/330/253 268/337/268 269/339/269
f 261/331/261 276/338/276 277/340/277
f 255/317/255 254/316/254 269/339/269
f 262/332/262 277/340/277 278/342/278
f 256/319/256 255/317/255 270/341/270
f 256/319/256 271/343/271 272/347/272
f 257/323/257 272/347/272 273/333/273
f 250/350/250 265/363/265 266/351/266
f 278/342/278 277/340/277 292/352/292
f 271/343/271 270/341/270 285/354/285
f 271/343/271 286/355/286 287/359/287
f 272/347/272 287/359/287 288/362/288
f 265/363/265 280/387/280 281/364/281
f 274/334/274 273/333/273 288/362/288
f 266/351/266 281/364/281 282/366/282
f 274/334/274 289/365/289 290/367/290
f 268/337/268 267/335/267 282/366/282
f 276/338/276 275/336/275 290/367/290
f 268/337/268 283/368/283 284/370/284
f 276/338/276 291/369/291 292/352/292
f 270/341/270 269/339/269 284/370/284
f 281/364/281 296/388/296 297/371/297
f 289/365/289 304/389/304 305/372/305
f 283/368/283 282/366/282 297/371/297
f 291/369/291 290/367/290 305/372/305
f 283/368/283 298/373/298 299/375/299
f 291/369/291 306/374/306 307/376/307
f 285/354/285 284/370/284 299/375/299
f 293/353/293 292/352/292 307/376/307
f 286/355/286 285/354/285 300/377/300
f 286/355/286 301/379/301 302/383/302
f 287/359/287 302/383/302 303/386/303
f 280/387/280 295/400/295 296/388/296
f 289/365/289 288/362/288 303/386/303
f 301/379/301 300/377/300 315/390/315
f 301/379/301 316/391/316 317/396/317
f 302/383/302 317/396/317 318/399/318
f 295/400/295 310/424/310 311/401/311
f 304/389/304 303/386/303 318/399/318
f 296/388/296 311/401/311 312/403/312
f 304/389/304 319/402/319 320/404/320
f 298/373/298 297/371/297 312/403/312
f 306/374/306 305/372/305 320/404/320
f 298/373/298 313/405/313 314/407/314
f 306/374/306 321/406/321 322/408/322
f 300/377/300 299/375/299 314/407/314
f 307/376/307 322/408/322 323/395/323
f 319/402/319 334/426/334 335/409/335
f 312/403/312 327/427/327 328/410/328
f 321/406/321 320/404/320 335/409/335
f 313/405/313 328/410/328 329/412/329
f 321/406/321 336/411/336 337/413/337
f 315/390/315 314/407/314 329/412/329
f 322/408/322 337/413/337 338/415/338
f 316/391/316 315/390/315 330/414/330
f 316/391/316 331/416/331 332/420/332
f 317/396/317 332/420/332 333/423/333
f 310/424/310 325/434/325 326/425/326
f 319/402/319 318/399/318 333/423/333
f 311/401/311 326/425/326 327/427/327
f 331/416/331 346/444/346 347/430/347
f 332/420/332 347/430/347 348/433/348
f 325/434/325 340/621/340 341/435/341
f 334/426/334 333/423/333 348/433/348
f 326/425/326 341/435/341 342/437/342
f 334/426/334 349/436/349 350/438/350
f 328/410/328 327/427/327 342/437/342
f 336/411/336 335/409/335 350/438/350
f 328/410/328 343/439/343 344/441/344
f 336/411/336 351/440/351 352/442/352
f 330/414/330 329/412/329 344/441/344
f 337/413/337 352/442/352 353/429/353
f 331/416/331 330/414/330 345/443/345
f 351/440/351 350/438/350 365/447/365
f 343/439/343 358/465/358 359/449/359
f 351/440/351 366/448/366 367/450/367
f 345/443/345 344/441/344 359/449/359
f 352/442/352 367/450/367 368/452/368
f 346/444/346 345/443/345 360/451/360
f 346/444/346 361/453/361 362/457/362
f 347/430/347 362/457/362 363/460/363
f 341/435/341 340/621/340 355/461/355
f 349/436/349 348/433/348 363/460/363
f 341/435/341 356/462/356 357/464/357
f 349/436/349 364/463/364 365/447/365
f 343/439/343 342/437/342 357/464/357
f 362/469/362 377/499/377 378/470/378
f 356/472/356 355/620/355 370/473/370
f 364/475/364 363/471/363 378/470/378
f 356/472/356 371/474/371 372/477/372
f 364/475/364 379/476/379 380/479/380
f 358/481/358 357/478/357 372/477/372
f 366/483/366 365/480/365 380/479/380
f 358/481/358 373/482/373 374/485/374
f 366/483/366 381/484/381 382/487/382
f 360/489/360 359/486/359 374/485/374
f 367/488/367 382/487/382 383/491/383
f 361/493/361 360/489/360 375/490/375
f 361/493/361 376/494/376 377/499/377
f 373/482/373 388/517/388 389/500/389
f 381/484/381 396/518/396 397/501/397
f 375/490/375 374/485/374 389/500/389
f 382/487/382 397/501/397 398/503/398
f 376/494/376 375/490/375 390/502/390
f 376/494/376 391/504/391 392/508/392
f 377/499/377 392/508/392 393/511/393
f 371/474/371 370/473/370 385/512/385
f 379/476/379 378/470/378 393/511/393
f 371/474/371 386/513/386 387/515/387
f 379/476/379 394/514/394 395/516/395
f 373/482/373 372/477/372 387/515/387
f 381/484/381 380/479/380 395/516/395
f 392/508/392 407/534/407 408/519/408
f 385/512/385 400/619/400 401/520/401
f 394/514/394 393/511/393 408/519/408
f 386/513/386 401/520/401 402/522/402
f 394/514/394 409/521/409 410/523/410
f 388/517/388 387/515/387 402/522/402
f 396/518/396 395/516/395 410/523/410
f 388/517/388 403/524/403 404/526/404
f 397/501/397 396/518/396 411/525/411
f 390/502/390 389/500/389 404/526/404
f 397/501/397 412/527/412 413/529/413
f 391/504/391 390/502/390 405/528/405
f 391/504/391 406/530/406 407/534/407
f 411/525/411 426/554/426 427/536/427
f 405/528/405 404/526/404 419/537/419
f 412/527/412 427/536/427 428/539/428
f 406/530/406 405/528/405 420/538/420
f 406/530/406 421/540/421 422/544/422
f 407/534/407 422/544/422 423/547/423
f 401/520/401 400/619/400 415/548/415
f 409/521/409 408/519/408 423/547/423
f 401/520/401 416/549/416 417/551/417
f 409/521/409 424/550/424 425/552/425
f 403/524/403 402/522/402 417/551/417
f 411/525/411 410/523/410 425/552/425
f 403/524/403 418/553/418 419/537/419
f 416/549/416 415/548/415 430/555/430
f 424/550/424 423/547/423 438/557/438
f 416/549/416 431/556/431 432/559/432
f 424/550/424 439/558/439 440/560/440
f 418/553/418 417/551/417 432/559/432
f 426/554/426 425/552/425 440/560/440
f 418/553/418 433/561/433 434/563/434
f 426/554/426 441/562/441 442/564/442
f 420/538/420 419/537/419 434/563/434
f 427/536/427 442/564/442 443/566/443
f 421/540/421 420/538/420 435/565/435
f 421/540/421 436/567/436 437/571/437
f 422/544/422 437/571/437 438/557/438
f 435/565/435 434/563/434 449/574/449
f 442/564/442 457/591/457 458/576/458
f 436/567/436 435/565/435 450/575/450
f 436/567/436 451/577/451 452/581/452
f 437/571/437 452/581/452 453/584/453
f 430/555/430 445/618/445 446/585/446
f 439/558/439 438/557/438 453/584/453
f 431/556/431 446/585/446 447/587/447
f 439/558/439 454/586/454 455/588/455
f 433/561/433 432/559/432 447/587/447
f 441/562/441 440/560/440 455/588/455
f 433/561/433 448/589/448 449/574/449
f 441/562/441 456/590/456 457/591/457
f 454/586/454 453/584/453 468/592/468
f 446/585/446 461/610/461 462/594/462
f 454/586/454 469/593/469 470/595/470
f 448/589/448 447/587/447 462/594/462
f 456/590/456 455/588/455 470/595/470
f 448/589/448 463/596/463 464/598/464
f 456/590/456 471/597/471 472/599/472
f 450/575/450 449/574/449 464/598/464
f 458/576/458 457/591/457 472/599/472
f 451/577/451 450/575/450 465/600/465
f 451/577/451 466/602/466 467/606/467
f 452/581/452 467/606/467 468/592/468
f 446/585/446 445/618/445 460/609/460
f 472/599/472 481/1/481 482/3/482
f 466/602/466 465/600/465 4/4/4
f 466/602/466 5/6/5 6/12/6
f 467/606/467 6/12/6 478/17/478
f 461/610/461 460/609/460 475/614/475
f 468/592/468 478/17/478 7/22/7
f 462/594/462 461/610/461 2/18/2
f 469/593/469 7/22/7 479/26/479
f 463/596/463 462/594/462 476/23/476
f 471/597/471 470/595/470 479/26/479
f 464/598/464 463/596/463 3/27/3
f 471/597/471 480/30/480 481/1/481
f 465/600/465 464/598/464 477/31/477
